128 36
7 16
5 5 5 5 7 5 5 3 5 5 5 5 7 5 5 3 5 5 5 5 5 7 7 5 5 5 5 5 7 7 3 3 3 3 3 3 3 3 3 3 3 3 3 3 3 3 1 1 1 1 1 1 1 1 1 1 1 1 1 1 1 1 1 1 5 5 5 7 5 5 5 3 5 5 5 7 5 5 5 3 5 5 5 7 5 5 7 5 5 5 7 5 5 7 3 3 3 3 3 3 3 3 3 3 3 3 3 3 3 3 1 1 1 1 1 1 1 1 1 1 1 1 1 1 1 1 1 1
16 16 12 12 12 12 12 12 12 12 12 12 12 12 12 12 12 12 16 16 12 12 12 12 12 12 12 12 12 12 12 12 12 12 12 12
1 3 4 5 14 0 0
1 6 11 12 14 0 0
1 4 11 12 13 0 0
1 3 5 6 13 0 0
1 3 4 6 11 13 14
1 5 12 13 14 0 0
1 4 5 6 12 0 0
1 3 11 0 0 0 0
2 7 8 9 18 0 0
2 10 15 16 18 0 0
2 8 15 16 17 0 0
2 7 9 10 17 0 0
2 7 8 10 15 17 18
2 9 16 17 18 0 0
2 8 9 10 16 0 0
2 7 15 0 0 0 0
1 3 6 12 13 0 0
1 4 6 11 14 0 0
1 4 5 11 12 0 0
1 3 5 13 14 0 0
1 5 6 12 14 0 0
1 3 4 5 6 11 13
1 3 4 11 12 13 14
2 7 10 16 17 0 0
2 8 10 15 18 0 0
2 8 9 15 16 0 0
2 7 9 17 18 0 0
2 9 10 16 18 0 0
2 7 8 9 10 15 17
2 7 8 15 16 17 18
3 4 5 0 0 0 0
3 4 6 0 0 0 0
3 5 6 0 0 0 0
4 5 6 0 0 0 0
7 8 9 0 0 0 0
7 8 10 0 0 0 0
7 9 10 0 0 0 0
8 9 10 0 0 0 0
11 12 13 0 0 0 0
11 12 14 0 0 0 0
11 13 14 0 0 0 0
12 13 14 0 0 0 0
15 16 17 0 0 0 0
15 16 18 0 0 0 0
15 17 18 0 0 0 0
16 17 18 0 0 0 0
1 0 0 0 0 0 0
2 0 0 0 0 0 0
3 0 0 0 0 0 0
4 0 0 0 0 0 0
5 0 0 0 0 0 0
6 0 0 0 0 0 0
7 0 0 0 0 0 0
8 0 0 0 0 0 0
9 0 0 0 0 0 0
10 0 0 0 0 0 0
11 0 0 0 0 0 0
12 0 0 0 0 0 0
13 0 0 0 0 0 0
14 0 0 0 0 0 0
15 0 0 0 0 0 0
16 0 0 0 0 0 0
17 0 0 0 0 0 0
18 0 0 0 0 0 0
19 21 29 31 32 0 0
19 22 29 30 31 0 0
19 22 23 24 31 0 0
19 21 23 24 30 31 32
19 23 29 30 32 0 0
19 21 22 23 29 0 0
19 21 22 24 30 0 0
19 24 32 0 0 0 0
20 25 33 35 36 0 0
20 26 33 34 35 0 0
20 26 27 28 35 0 0
20 25 27 28 34 35 36
20 27 33 34 36 0 0
20 25 26 27 33 0 0
20 25 26 28 34 0 0
20 28 36 0 0 0 0
19 22 23 30 32 0 0
19 21 24 31 32 0 0
19 21 22 29 32 0 0
19 23 24 29 30 31 32
19 22 24 29 31 0 0
19 21 23 29 30 0 0
19 21 22 23 24 30 31
20 26 27 34 36 0 0
20 25 28 35 36 0 0
20 25 26 33 36 0 0
20 27 28 33 34 35 36
20 26 28 33 35 0 0
20 25 27 33 34 0 0
20 25 26 27 28 34 35
21 22 23 0 0 0 0
21 22 24 0 0 0 0
21 23 24 0 0 0 0
22 23 24 0 0 0 0
25 26 27 0 0 0 0
25 26 28 0 0 0 0
25 27 28 0 0 0 0
26 27 28 0 0 0 0
29 30 31 0 0 0 0
29 30 32 0 0 0 0
29 31 32 0 0 0 0
30 31 32 0 0 0 0
33 34 35 0 0 0 0
33 34 36 0 0 0 0
33 35 36 0 0 0 0
34 35 36 0 0 0 0
19 0 0 0 0 0 0
20 0 0 0 0 0 0
21 0 0 0 0 0 0
22 0 0 0 0 0 0
23 0 0 0 0 0 0
24 0 0 0 0 0 0
25 0 0 0 0 0 0
26 0 0 0 0 0 0
27 0 0 0 0 0 0
28 0 0 0 0 0 0
29 0 0 0 0 0 0
30 0 0 0 0 0 0
31 0 0 0 0 0 0
32 0 0 0 0 0 0
33 0 0 0 0 0 0
34 0 0 0 0 0 0
35 0 0 0 0 0 0
36 0 0 0 0 0 0
1 2 3 4 5 6 7 8 17 18 19 20 21 22 23 47
9 10 11 12 13 14 15 16 24 25 26 27 28 29 30 48
1 4 5 8 17 20 22 23 31 32 33 49 0 0 0 0
1 3 5 7 18 19 22 23 31 32 34 50 0 0 0 0
1 4 6 7 19 20 21 22 31 33 34 51 0 0 0 0
2 4 5 7 17 18 21 22 32 33 34 52 0 0 0 0
9 12 13 16 24 27 29 30 35 36 37 53 0 0 0 0
9 11 13 15 25 26 29 30 35 36 38 54 0 0 0 0
9 12 14 15 26 27 28 29 35 37 38 55 0 0 0 0
10 12 13 15 24 25 28 29 36 37 38 56 0 0 0 0
2 3 5 8 18 19 22 23 39 40 41 57 0 0 0 0
2 3 6 7 17 19 21 23 39 40 42 58 0 0 0 0
3 4 5 6 17 20 22 23 39 41 42 59 0 0 0 0
1 2 5 6 18 20 21 23 40 41 42 60 0 0 0 0
10 11 13 16 25 26 29 30 43 44 45 61 0 0 0 0
10 11 14 15 24 26 28 30 43 44 46 62 0 0 0 0
11 12 13 14 24 27 29 30 43 45 46 63 0 0 0 0
9 10 13 14 25 27 28 30 44 45 46 64 0 0 0 0
65 66 67 68 69 70 71 72 81 82 83 84 85 86 87 111
73 74 75 76 77 78 79 80 88 89 90 91 92 93 94 112
65 68 70 71 82 83 86 87 95 96 97 113 0 0 0 0
66 67 70 71 81 83 85 87 95 96 98 114 0 0 0 0
67 68 69 70 81 84 86 87 95 97 98 115 0 0 0 0
67 68 71 72 82 84 85 87 96 97 98 116 0 0 0 0
73 76 78 79 89 90 93 94 99 100 101 117 0 0 0 0
74 75 78 79 88 90 92 94 99 100 102 118 0 0 0 0
75 76 77 78 88 91 93 94 99 101 102 119 0 0 0 0
75 76 79 80 89 91 92 94 100 101 102 120 0 0 0 0
65 66 69 70 83 84 85 86 103 104 105 121 0 0 0 0
66 68 69 71 81 84 86 87 103 104 106 122 0 0 0 0
65 66 67 68 82 84 85 87 103 105 106 123 0 0 0 0
65 68 69 72 81 82 83 84 104 105 106 124 0 0 0 0
73 74 77 78 90 91 92 93 107 108 109 125 0 0 0 0
74 76 77 79 88 91 93 94 107 108 110 126 0 0 0 0
73 74 75 76 89 91 92 94 107 109 110 127 0 0 0 0
73 76 77 80 88 89 90 91 108 109 110 128 0 0 0 0
1 1 1 1 1 1 1 1 1 1 1 1 1 1 1 1
1 1 1 1 1 1 1 1 1 1 1 1 1 1 1 1
1 1 1 1 1 1 1 1 1 1 1 1 0 0 0 0
1 1 1 1 1 1 1 1 1 1 1 1 0 0 0 0
1 1 1 1 1 1 1 1 1 1 1 1 0 0 0 0
1 1 1 1 1 1 1 1 1 1 1 1 0 0 0 0
1 1 1 1 1 1 1 1 1 1 1 1 0 0 0 0
1 1 1 1 1 1 1 1 1 1 1 1 0 0 0 0
1 1 1 1 1 1 1 1 1 1 1 1 0 0 0 0
1 1 1 1 1 1 1 1 1 1 1 1 0 0 0 0
1 1 1 1 1 1 1 1 1 1 1 1 0 0 0 0
1 1 1 1 1 1 1 1 1 1 1 1 0 0 0 0
1 1 1 1 1 1 1 1 1 1 1 1 0 0 0 0
1 1 1 1 1 1 1 1 1 1 1 1 0 0 0 0
1 1 1 1 1 1 1 1 1 1 1 1 0 0 0 0
1 1 1 1 1 1 1 1 1 1 1 1 0 0 0 0
1 1 1 1 1 1 1 1 1 1 1 1 0 0 0 0
1 1 1 1 1 1 1 1 1 1 1 1 0 0 0 0
1 1 1 1 1 1 1 1 1 1 1 1 1 1 1 1
1 1 1 1 1 1 1 1 1 1 1 1 1 1 1 1
1 1 1 1 1 1 1 1 1 1 1 1 0 0 0 0
1 1 1 1 1 1 1 1 1 1 1 1 0 0 0 0
1 1 1 1 1 1 1 1 1 1 1 1 0 0 0 0
1 1 1 1 1 1 1 1 1 1 1 1 0 0 0 0
1 1 1 1 1 1 1 1 1 1 1 1 0 0 0 0
1 1 1 1 1 1 1 1 1 1 1 1 0 0 0 0
1 1 1 1 1 1 1 1 1 1 1 1 0 0 0 0
1 1 1 1 1 1 1 1 1 1 1 1 0 0 0 0
1 1 1 1 1 1 1 1 1 1 1 1 0 0 0 0
1 1 1 1 1 1 1 1 1 1 1 1 0 0 0 0
1 1 1 1 1 1 1 1 1 1 1 1 0 0 0 0
1 1 1 1 1 1 1 1 1 1 1 1 0 0 0 0
1 1 1 1 1 1 1 1 1 1 1 1 0 0 0 0
1 1 1 1 1 1 1 1 1 1 1 1 0 0 0 0
1 1 1 1 1 1 1 1 1 1 1 1 0 0 0 0
1 1 1 1 1 1 1 1 1 1 1 1 0 0 0 0
1 1 1 1 1 0 0
1 1 1 1 1 0 0
1 1 1 1 1 0 0
1 1 1 1 1 0 0
1 1 1 1 1 1 1
1 1 1 1 1 0 0
1 1 1 1 1 0 0
1 1 1 0 0 0 0
1 1 1 1 1 0 0
1 1 1 1 1 0 0
1 1 1 1 1 0 0
1 1 1 1 1 0 0
1 1 1 1 1 1 1
1 1 1 1 1 0 0
1 1 1 1 1 0 0
1 1 1 0 0 0 0
1 1 1 1 1 0 0
1 1 1 1 1 0 0
1 1 1 1 1 0 0
1 1 1 1 1 0 0
1 1 1 1 1 0 0
1 1 1 1 1 1 1
1 1 1 1 1 1 1
1 1 1 1 1 0 0
1 1 1 1 1 0 0
1 1 1 1 1 0 0
1 1 1 1 1 0 0
1 1 1 1 1 0 0
1 1 1 1 1 1 1
1 1 1 1 1 1 1
1 1 1 0 0 0 0
1 1 1 0 0 0 0
1 1 1 0 0 0 0
1 1 1 0 0 0 0
1 1 1 0 0 0 0
1 1 1 0 0 0 0
1 1 1 0 0 0 0
1 1 1 0 0 0 0
1 1 1 0 0 0 0
1 1 1 0 0 0 0
1 1 1 0 0 0 0
1 1 1 0 0 0 0
1 1 1 0 0 0 0
1 1 1 0 0 0 0
1 1 1 0 0 0 0
1 1 1 0 0 0 0
1 0 0 0 0 0 0
1 0 0 0 0 0 0
1 0 0 0 0 0 0
1 0 0 0 0 0 0
1 0 0 0 0 0 0
1 0 0 0 0 0 0
1 0 0 0 0 0 0
1 0 0 0 0 0 0
1 0 0 0 0 0 0
1 0 0 0 0 0 0
1 0 0 0 0 0 0
1 0 0 0 0 0 0
1 0 0 0 0 0 0
1 0 0 0 0 0 0
1 0 0 0 0 0 0
1 0 0 0 0 0 0
1 0 0 0 0 0 0
1 0 0 0 0 0 0
1 1 1 1 1 0 0
1 1 1 1 1 0 0
1 1 1 1 1 0 0
1 1 1 1 1 1 1
1 1 1 1 1 0 0
1 1 1 1 1 0 0
1 1 1 1 1 0 0
1 1 1 0 0 0 0
1 1 1 1 1 0 0
1 1 1 1 1 0 0
1 1 1 1 1 0 0
1 1 1 1 1 1 1
1 1 1 1 1 0 0
1 1 1 1 1 0 0
1 1 1 1 1 0 0
1 1 1 0 0 0 0
1 1 1 1 1 0 0
1 1 1 1 1 0 0
1 1 1 1 1 0 0
1 1 1 1 1 1 1
1 1 1 1 1 0 0
1 1 1 1 1 0 0
1 1 1 1 1 1 1
1 1 1 1 1 0 0
1 1 1 1 1 0 0
1 1 1 1 1 0 0
1 1 1 1 1 1 1
1 1 1 1 1 0 0
1 1 1 1 1 0 0
1 1 1 1 1 1 1
1 1 1 0 0 0 0
1 1 1 0 0 0 0
1 1 1 0 0 0 0
1 1 1 0 0 0 0
1 1 1 0 0 0 0
1 1 1 0 0 0 0
1 1 1 0 0 0 0
1 1 1 0 0 0 0
1 1 1 0 0 0 0
1 1 1 0 0 0 0
1 1 1 0 0 0 0
1 1 1 0 0 0 0
1 1 1 0 0 0 0
1 1 1 0 0 0 0
1 1 1 0 0 0 0
1 1 1 0 0 0 0
1 0 0 0 0 0 0
1 0 0 0 0 0 0
1 0 0 0 0 0 0
1 0 0 0 0 0 0
1 0 0 0 0 0 0
1 0 0 0 0 0 0
1 0 0 0 0 0 0
1 0 0 0 0 0 0
1 0 0 0 0 0 0
1 0 0 0 0 0 0
1 0 0 0 0 0 0
1 0 0 0 0 0 0
1 0 0 0 0 0 0
1 0 0 0 0 0 0
1 0 0 0 0 0 0
1 0 0 0 0 0 0
1 0 0 0 0 0 0
1 0 0 0 0 0 0
