64 18
7 16
5 5 5 5 7 5 5 3 5 5 5 5 7 5 5 3 5 5 5 5 5 7 7 5 5 5 5 5 7 7 3 3 3 3 3 3 3 3 3 3 3 3 3 3 3 3 1 1 1 1 1 1 1 1 1 1 1 1 1 1 1 1 1 1
16 16 12 12 12 12 12 12 12 12 12 12 12 12 12 12 12 12
1 3 4 5 14 0 0
1 6 11 12 14 0 0
1 4 11 12 13 0 0
1 3 5 6 13 0 0
1 3 4 6 11 13 14
1 5 12 13 14 0 0
1 4 5 6 12 0 0
1 3 11 0 0 0 0
2 7 8 9 18 0 0
2 10 15 16 18 0 0
2 8 15 16 17 0 0
2 7 9 10 17 0 0
2 7 8 10 15 17 18
2 9 16 17 18 0 0
2 8 9 10 16 0 0
2 7 15 0 0 0 0
1 3 6 12 13 0 0
1 4 6 11 14 0 0
1 4 5 11 12 0 0
1 3 5 13 14 0 0
1 5 6 12 14 0 0
1 3 4 5 6 11 13
1 3 4 11 12 13 14
2 7 10 16 17 0 0
2 8 10 15 18 0 0
2 8 9 15 16 0 0
2 7 9 17 18 0 0
2 9 10 16 18 0 0
2 7 8 9 10 15 17
2 7 8 15 16 17 18
3 4 5 0 0 0 0
3 4 6 0 0 0 0
3 5 6 0 0 0 0
4 5 6 0 0 0 0
7 8 9 0 0 0 0
7 8 10 0 0 0 0
7 9 10 0 0 0 0
8 9 10 0 0 0 0
11 12 13 0 0 0 0
11 12 14 0 0 0 0
11 13 14 0 0 0 0
12 13 14 0 0 0 0
15 16 17 0 0 0 0
15 16 18 0 0 0 0
15 17 18 0 0 0 0
16 17 18 0 0 0 0
1 0 0 0 0 0 0
2 0 0 0 0 0 0
3 0 0 0 0 0 0
4 0 0 0 0 0 0
5 0 0 0 0 0 0
6 0 0 0 0 0 0
7 0 0 0 0 0 0
8 0 0 0 0 0 0
9 0 0 0 0 0 0
10 0 0 0 0 0 0
11 0 0 0 0 0 0
12 0 0 0 0 0 0
13 0 0 0 0 0 0
14 0 0 0 0 0 0
15 0 0 0 0 0 0
16 0 0 0 0 0 0
17 0 0 0 0 0 0
18 0 0 0 0 0 0
1 2 3 4 5 6 7 8 17 18 19 20 21 22 23 47
9 10 11 12 13 14 15 16 24 25 26 27 28 29 30 48
1 4 5 8 17 20 22 23 31 32 33 49 0 0 0 0
1 3 5 7 18 19 22 23 31 32 34 50 0 0 0 0
1 4 6 7 19 20 21 22 31 33 34 51 0 0 0 0
2 4 5 7 17 18 21 22 32 33 34 52 0 0 0 0
9 12 13 16 24 27 29 30 35 36 37 53 0 0 0 0
9 11 13 15 25 26 29 30 35 36 38 54 0 0 0 0
9 12 14 15 26 27 28 29 35 37 38 55 0 0 0 0
10 12 13 15 24 25 28 29 36 37 38 56 0 0 0 0
2 3 5 8 18 19 22 23 39 40 41 57 0 0 0 0
2 3 6 7 17 19 21 23 39 40 42 58 0 0 0 0
3 4 5 6 17 20 22 23 39 41 42 59 0 0 0 0
1 2 5 6 18 20 21 23 40 41 42 60 0 0 0 0
10 11 13 16 25 26 29 30 43 44 45 61 0 0 0 0
10 11 14 15 24 26 28 30 43 44 46 62 0 0 0 0
11 12 13 14 24 27 29 30 43 45 46 63 0 0 0 0
9 10 13 14 25 27 28 30 44 45 46 64 0 0 0 0
1 1 1 1 1 1 1 1 1 1 1 1 1 1 1 1
1 1 1 1 1 1 1 1 1 1 1 1 1 1 1 1
1 1 1 1 1 1 1 1 1 1 1 1 0 0 0 0
1 1 1 1 1 1 1 1 1 1 1 1 0 0 0 0
1 1 1 1 1 1 1 1 1 1 1 1 0 0 0 0
1 1 1 1 1 1 1 1 1 1 1 1 0 0 0 0
1 1 1 1 1 1 1 1 1 1 1 1 0 0 0 0
1 1 1 1 1 1 1 1 1 1 1 1 0 0 0 0
1 1 1 1 1 1 1 1 1 1 1 1 0 0 0 0
1 1 1 1 1 1 1 1 1 1 1 1 0 0 0 0
1 1 1 1 1 1 1 1 1 1 1 1 0 0 0 0
1 1 1 1 1 1 1 1 1 1 1 1 0 0 0 0
1 1 1 1 1 1 1 1 1 1 1 1 0 0 0 0
1 1 1 1 1 1 1 1 1 1 1 1 0 0 0 0
1 1 1 1 1 1 1 1 1 1 1 1 0 0 0 0
1 1 1 1 1 1 1 1 1 1 1 1 0 0 0 0
1 1 1 1 1 1 1 1 1 1 1 1 0 0 0 0
1 1 1 1 1 1 1 1 1 1 1 1 0 0 0 0
1 1 1 1 1 0 0
1 1 1 1 1 0 0
1 1 1 1 1 0 0
1 1 1 1 1 0 0
1 1 1 1 1 1 1
1 1 1 1 1 0 0
1 1 1 1 1 0 0
1 1 1 0 0 0 0
1 1 1 1 1 0 0
1 1 1 1 1 0 0
1 1 1 1 1 0 0
1 1 1 1 1 0 0
1 1 1 1 1 1 1
1 1 1 1 1 0 0
1 1 1 1 1 0 0
1 1 1 0 0 0 0
1 1 1 1 1 0 0
1 1 1 1 1 0 0
1 1 1 1 1 0 0
1 1 1 1 1 0 0
1 1 1 1 1 0 0
1 1 1 1 1 1 1
1 1 1 1 1 1 1
1 1 1 1 1 0 0
1 1 1 1 1 0 0
1 1 1 1 1 0 0
1 1 1 1 1 0 0
1 1 1 1 1 0 0
1 1 1 1 1 1 1
1 1 1 1 1 1 1
1 1 1 0 0 0 0
1 1 1 0 0 0 0
1 1 1 0 0 0 0
1 1 1 0 0 0 0
1 1 1 0 0 0 0
1 1 1 0 0 0 0
1 1 1 0 0 0 0
1 1 1 0 0 0 0
1 1 1 0 0 0 0
1 1 1 0 0 0 0
1 1 1 0 0 0 0
1 1 1 0 0 0 0
1 1 1 0 0 0 0
1 1 1 0 0 0 0
1 1 1 0 0 0 0
1 1 1 0 0 0 0
1 0 0 0 0 0 0
1 0 0 0 0 0 0
1 0 0 0 0 0 0
1 0 0 0 0 0 0
1 0 0 0 0 0 0
1 0 0 0 0 0 0
1 0 0 0 0 0 0
1 0 0 0 0 0 0
1 0 0 0 0 0 0
1 0 0 0 0 0 0
1 0 0 0 0 0 0
1 0 0 0 0 0 0
1 0 0 0 0 0 0
1 0 0 0 0 0 0
1 0 0 0 0 0 0
1 0 0 0 0 0 0
1 0 0 0 0 0 0
1 0 0 0 0 0 0
