128 128
8 8
8 8 8 8 8 8 8 8 8 8 8 8 8 8 8 8 8 8 8 8 8 8 8 8 8 8 8 8 8 8 8 8 8 8 8 8 8 8 8 8 8 8 8 8 8 8 8 8 8 8 8 8 8 8 8 8 8 8 8 8 8 8 8 8 8 8 8 8 8 8 8 8 8 8 8 8 8 8 8 8 8 8 8 8 8 8 8 8 8 8 8 8 8 8 8 8 8 8 8 8 8 8 8 8 8 8 8 8 8 8 8 8 8 8 8 8 8 8 8 8 8 8 8 8 8 8 8 8
8 8 8 8 8 8 8 8 8 8 8 8 8 8 8 8 8 8 8 8 8 8 8 8 8 8 8 8 8 8 8 8 8 8 8 8 8 8 8 8 8 8 8 8 8 8 8 8 8 8 8 8 8 8 8 8 8 8 8 8 8 8 8 8 8 8 8 8 8 8 8 8 8 8 8 8 8 8 8 8 8 8 8 8 8 8 8 8 8 8 8 8 8 8 8 8 8 8 8 8 8 8 8 8 8 8 8 8 8 8 8 8 8 8 8 8 8 8 8 8 8 8 8 8 8 8 8 8
1 21 32 58 65 81 95 103
2 22 31 42 66 82 96 104
3 23 49 60 67 83 97 105
4 33 47 59 68 84 113 121
5 17 40 50 69 85 98 106
6 18 34 39 70 86 114 122
7 19 52 57 71 87 115 123
8 20 41 51 72 111 116 124
9 28 36 62 73 88 99 107
10 29 35 46 74 89 100 108
11 30 53 64 75 90 101 109
12 37 48 63 76 91 117 125
13 24 44 54 77 92 102 110
14 25 38 43 78 93 118 126
15 26 56 61 79 94 119 127
16 27 45 55 80 112 120 128
4 23 34 40 66 83 106 113
3 39 47 50 65 84 97 122
2 21 51 57 68 81 96 123
1 22 41 52 67 82 95 124
8 19 31 58 70 87 103 116
7 20 32 42 69 104 111 115
6 17 33 60 72 85 105 114
5 18 49 59 71 86 98 121
12 30 38 44 74 90 110 117
11 43 48 54 73 91 101 126
10 28 55 61 76 88 100 127
9 29 45 56 75 89 99 128
16 26 35 62 78 94 107 120
15 27 36 46 77 108 112 119
14 24 37 64 80 92 109 118
13 25 53 63 79 93 102 125
7 17 31 59 68 87 114 124
8 18 32 60 67 98 111 123
5 19 33 42 66 85 116 122
6 20 49 58 65 86 106 115
3 21 34 41 72 83 96 121
4 22 50 57 71 84 95 105
1 23 39 51 70 81 104 113
2 40 47 52 69 82 97 103
15 24 35 63 76 94 118 128
16 25 36 64 75 102 112 127
13 26 37 46 74 92 120 126
14 27 53 62 73 93 110 119
11 28 38 45 80 90 100 125
12 29 54 61 79 91 99 109
9 30 43 55 78 88 108 117
10 44 48 56 77 89 101 107
6 19 41 50 70 82 98 105
5 20 34 57 69 81 114 121
8 17 39 52 72 84 103 115
7 18 40 51 71 83 104 116
2 23 32 59 66 86 95 123
1 31 47 60 65 85 96 124
4 21 42 49 68 97 106 111
3 22 33 58 67 87 113 122
14 26 45 54 78 89 102 109
13 27 38 61 77 88 118 125
16 24 43 56 80 91 107 119
15 25 44 55 79 90 108 120
10 30 36 63 74 93 99 127
9 35 48 64 73 92 100 128
12 28 46 53 76 101 110 112
11 29 37 62 75 94 117 126
8 47 49 57 67 85 115 121
7 23 33 41 68 86 105 116
6 22 32 40 65 87 98 104
5 21 31 39 66 103 111 114
4 20 52 60 71 81 97 124
3 19 51 59 72 82 113 123
2 18 50 58 69 83 95 122
1 17 34 42 70 84 96 106
16 48 53 61 75 92 119 125
15 30 37 45 76 93 109 120
14 29 36 44 73 94 102 108
13 28 35 43 74 107 112 118
12 27 56 64 79 88 101 128
11 26 55 63 80 89 117 127
10 25 54 62 77 90 99 126
9 24 38 46 78 91 100 110
5 22 51 60 71 96 111 122
6 21 52 59 72 87 95 106
7 34 47 58 69 86 113 124
8 23 42 50 70 85 97 123
1 18 33 57 67 84 104 114
2 17 41 49 68 83 98 103
3 20 31 40 65 82 116 121
4 19 32 39 66 81 105 115
13 29 55 64 79 100 112 126
14 28 56 63 80 94 99 110
15 38 48 62 77 93 117 128
16 30 46 54 78 92 101 127
9 25 37 61 75 91 108 118
10 24 45 53 76 90 102 107
11 27 35 44 73 89 120 125
12 26 36 43 74 88 109 119
2 20 33 39 72 86 97 104
1 19 40 49 71 85 103 113
4 18 31 41 70 95 111 121
3 17 32 57 69 87 96 105
6 42 47 51 68 82 115 122
5 23 52 58 67 81 106 116
8 22 34 59 66 84 98 124
7 21 50 60 65 83 114 123
10 27 37 43 80 93 101 108
9 26 44 53 79 92 107 117
12 25 35 45 78 99 112 125
11 24 36 61 77 94 100 109
14 46 48 55 76 89 119 126
13 30 56 62 75 88 110 120
16 29 38 63 74 91 102 128
15 28 54 64 73 90 118 127
3 18 42 52 69 84 116 123
4 17 51 58 70 83 115 124
1 20 50 59 71 82 106 114
2 19 34 60 72 81 98 122
7 22 39 49 65 105 111 113
8 21 33 40 66 87 97 121
5 32 41 47 67 86 96 103
6 23 31 57 68 85 95 104
11 25 46 56 77 91 120 127
12 24 55 62 78 90 119 128
9 27 54 63 79 89 110 118
10 26 38 64 80 88 102 126
15 29 43 53 73 109 112 117
16 28 37 44 74 94 101 125
13 36 45 48 75 93 100 107
14 30 35 61 76 92 99 108
1 20 39 54 72 85 98 115
2 19 40 53 71 86 97 116
3 18 37 56 70 87 100 113
4 17 38 55 69 88 99 114
5 24 35 50 68 81 102 119
6 23 36 49 67 82 101 120
7 22 33 52 66 83 104 117
8 21 34 51 65 84 103 118
9 28 47 62 80 93 106 123
10 27 48 61 79 94 105 124
11 26 45 64 78 95 108 121
12 25 46 63 77 96 107 122
13 32 43 58 76 89 110 127
14 31 44 57 75 90 109 128
15 30 41 60 74 91 112 125
16 29 42 59 73 92 111 126
5 23 33 51 72 86 100 114
6 24 34 52 71 85 99 113
7 21 35 49 70 88 98 116
8 22 36 50 69 87 97 115
1 19 37 55 68 82 104 118
2 20 38 56 67 81 103 117
3 17 39 53 66 84 102 120
13 31 41 59 80 94 108 122
14 32 42 60 79 93 107 121
15 29 43 57 78 96 106 124
16 30 44 58 77 95 105 123
9 27 45 63 76 90 112 126
10 28 46 64 75 89 111 125
11 25 47 61 74 92 110 128
2 21 33 54 68 87 99 120
1 22 34 53 67 88 100 119
4 23 35 56 66 85 97 118
6 17 37 50 72 83 103 116
10 29 41 62 76 95 107 128
9 30 42 61 75 96 108 127
12 31 43 64 74 93 105 126
14 25 45 58 80 91 111 124
6 18 39 51 68 88 97 117
5 17 40 52 67 87 98 118
8 20 37 49 66 86 99 119
2 22 35 55 72 84 101 113
14 26 47 59 76 96 105 125
13 25 48 60 75 95 106 126
16 28 45 57 74 94 107 127
10 30 43 63 80 92 109 121
4 18 40 54 65 83 101 119
12 26 48 62 73 91 109 127
3 24 36 55 65 86 98 117
5 18 38 49 71 84 104 115
8 19 39 52 70 81 101 114
7 20 40 51 69 82 102 113
11 32 44 63 73 94 106 125
13 26 46 57 79 92 112 123
16 27 47 60 78 89 109 122
15 28 48 59 77 90 110 121
7 19 38 50 65 85 100 120
1 21 36 56 71 83 102 114
4 24 33 53 70 82 103 115
3 23 34 54 69 81 104 116
15 27 46 58 73 93 108 128
9 29 44 64 79 91 110 122
12 32 41 61 78 90 111 123
11 31 42 62 77 89 112 124
1 18 36 54 67 87 104 117
2 17 35 53 68 88 103 118
3 20 34 56 65 85 102 119
4 19 33 55 66 86 101 120
5 22 40 50 71 83 100 113
6 21 39 49 72 84 99 114
7 24 38 52 69 81 98 115
8 23 37 51 70 82 97 116
9 26 44 62 75 95 112 125
10 25 43 61 76 96 111 126
11 28 42 64 73 93 110 127
12 27 41 63 74 94 109 128
13 30 48 58 79 91 108 121
14 29 47 57 80 92 107 122
15 32 46 60 77 89 106 123
16 31 45 59 78 90 105 124
1 19 39 50 69 88 102 116
2 20 40 49 70 87 101 115
3 17 37 52 71 86 104 114
4 18 38 51 72 85 103 113
5 23 35 54 65 84 98 120
6 24 36 53 66 83 97 119
7 21 33 56 67 82 100 118
9 27 47 58 77 96 110 124
10 28 48 57 78 95 109 123
11 25 45 60 79 94 112 122
12 26 46 59 80 93 111 121
13 31 43 62 73 92 106 128
14 32 44 61 74 91 105 127
15 29 41 64 75 90 108 126
1 20 38 53 71 82 99 120
2 19 37 54 72 81 100 119
3 18 40 55 69 84 97 118
5 24 34 49 67 86 103 116
9 28 46 61 79 90 107 128
10 27 45 62 80 89 108 127
11 26 48 63 77 92 105 126
13 32 42 57 75 94 111 124
1 21 40 51 68 86 98 119
2 22 39 52 67 85 97 120
3 23 38 49 66 88 100 117
5 17 36 55 72 82 102 115
9 29 48 59 76 94 106 127
10 30 47 60 75 93 105 128
11 31 46 57 74 96 108 125
13 25 44 63 80 90 110 123
8 22 34 55 68 81 99 117
16 30 42 63 76 89 107 125
4 17 39 56 70 83 98 117
6 23 33 50 68 85 104 115
7 22 36 51 65 88 101 114
8 21 35 52 66 87 102 113
12 25 47 64 78 91 106 125
14 31 41 58 76 93 112 123
15 30 44 59 73 96 109 122
16 29 43 60 74 95 110 121
4 24 37 50 65 87 99 118
6 18 35 56 71 81 101 116
7 19 34 53 70 84 104 113
8 20 33 54 69 83 103 114
12 32 45 58 73 95 107 126
14 26 43 64 79 89 109 124
15 27 42 61 78 92 112 121
16 28 41 62 77 91 111 122
1 1 1 1 1 1 1 1
1 1 1 1 1 1 1 1
1 1 1 1 1 1 1 1
1 1 1 1 1 1 1 1
1 1 1 1 1 1 1 1
1 1 1 1 1 1 1 1
1 1 1 1 1 1 1 1
1 1 1 1 1 1 1 1
1 1 1 1 1 1 1 1
1 1 1 1 1 1 1 1
1 1 1 1 1 1 1 1
1 1 1 1 1 1 1 1
1 1 1 1 1 1 1 1
1 1 1 1 1 1 1 1
1 1 1 1 1 1 1 1
1 1 1 1 1 1 1 1
1 1 1 1 1 1 1 1
1 1 1 1 1 1 1 1
1 1 1 1 1 1 1 1
1 1 1 1 1 1 1 1
1 1 1 1 1 1 1 1
1 1 1 1 1 1 1 1
1 1 1 1 1 1 1 1
1 1 1 1 1 1 1 1
1 1 1 1 1 1 1 1
1 1 1 1 1 1 1 1
1 1 1 1 1 1 1 1
1 1 1 1 1 1 1 1
1 1 1 1 1 1 1 1
1 1 1 1 1 1 1 1
1 1 1 1 1 1 1 1
1 1 1 1 1 1 1 1
1 1 1 1 1 1 1 1
1 1 1 1 1 1 1 1
1 1 1 1 1 1 1 1
1 1 1 1 1 1 1 1
1 1 1 1 1 1 1 1
1 1 1 1 1 1 1 1
1 1 1 1 1 1 1 1
1 1 1 1 1 1 1 1
1 1 1 1 1 1 1 1
1 1 1 1 1 1 1 1
1 1 1 1 1 1 1 1
1 1 1 1 1 1 1 1
1 1 1 1 1 1 1 1
1 1 1 1 1 1 1 1
1 1 1 1 1 1 1 1
1 1 1 1 1 1 1 1
1 1 1 1 1 1 1 1
1 1 1 1 1 1 1 1
1 1 1 1 1 1 1 1
1 1 1 1 1 1 1 1
1 1 1 1 1 1 1 1
1 1 1 1 1 1 1 1
1 1 1 1 1 1 1 1
1 1 1 1 1 1 1 1
1 1 1 1 1 1 1 1
1 1 1 1 1 1 1 1
1 1 1 1 1 1 1 1
1 1 1 1 1 1 1 1
1 1 1 1 1 1 1 1
1 1 1 1 1 1 1 1
1 1 1 1 1 1 1 1
1 1 1 1 1 1 1 1
2 2 2 2 2 2 2 2
2 2 2 2 2 2 2 2
2 2 2 2 2 2 2 2
2 2 2 2 2 2 2 2
2 2 2 2 2 2 2 2
2 2 2 2 2 2 2 2
2 2 2 2 2 2 2 2
2 2 2 2 2 2 2 2
2 2 2 2 2 2 2 2
2 2 2 2 2 2 2 2
2 2 2 2 2 2 2 2
2 2 2 2 2 2 2 2
2 2 2 2 2 2 2 2
2 2 2 2 2 2 2 2
2 2 2 2 2 2 2 2
2 2 2 2 2 2 2 2
2 2 2 2 2 2 2 2
2 2 2 2 2 2 2 2
2 2 2 2 2 2 2 2
2 2 2 2 2 2 2 2
2 2 2 2 2 2 2 2
2 2 2 2 2 2 2 2
2 2 2 2 2 2 2 2
2 2 2 2 2 2 2 2
2 2 2 2 2 2 2 2
2 2 2 2 2 2 2 2
2 2 2 2 2 2 2 2
2 2 2 2 2 2 2 2
2 2 2 2 2 2 2 2
2 2 2 2 2 2 2 2
2 2 2 2 2 2 2 2
2 2 2 2 2 2 2 2
2 2 2 2 2 2 2 2
2 2 2 2 2 2 2 2
2 2 2 2 2 2 2 2
2 2 2 2 2 2 2 2
2 2 2 2 2 2 2 2
2 2 2 2 2 2 2 2
2 2 2 2 2 2 2 2
2 2 2 2 2 2 2 2
2 2 2 2 2 2 2 2
2 2 2 2 2 2 2 2
2 2 2 2 2 2 2 2
2 2 2 2 2 2 2 2
2 2 2 2 2 2 2 2
2 2 2 2 2 2 2 2
2 2 2 2 2 2 2 2
2 2 2 2 2 2 2 2
2 2 2 2 2 2 2 2
2 2 2 2 2 2 2 2
2 2 2 2 2 2 2 2
2 2 2 2 2 2 2 2
2 2 2 2 2 2 2 2
2 2 2 2 2 2 2 2
2 2 2 2 2 2 2 2
2 2 2 2 2 2 2 2
2 2 2 2 2 2 2 2
2 2 2 2 2 2 2 2
2 2 2 2 2 2 2 2
2 2 2 2 2 2 2 2
2 2 2 2 2 2 2 2
2 2 2 2 2 2 2 2
2 2 2 2 2 2 2 2
2 2 2 2 2 2 2 2
1 1 1 1 2 2 2 2
1 1 1 1 2 2 2 2
1 1 1 1 2 2 2 2
1 1 1 1 2 2 2 2
1 1 1 1 2 2 2 2
1 1 1 1 2 2 2 2
1 1 1 1 2 2 2 2
1 1 1 1 2 2 2 2
1 1 1 1 2 2 2 2
1 1 1 1 2 2 2 2
1 1 1 1 2 2 2 2
1 1 1 1 2 2 2 2
1 1 1 1 2 2 2 2
1 1 1 1 2 2 2 2
1 1 1 1 2 2 2 2
1 1 1 1 2 2 2 2
1 1 1 1 2 2 2 2
1 1 1 1 2 2 2 2
1 1 1 1 2 2 2 2
1 1 1 1 2 2 2 2
1 1 1 1 2 2 2 2
1 1 1 1 2 2 2 2
1 1 1 1 2 2 2 2
1 1 1 1 2 2 2 2
1 1 1 1 2 2 2 2
1 1 1 1 2 2 2 2
1 1 1 1 2 2 2 2
1 1 1 1 2 2 2 2
1 1 1 1 2 2 2 2
1 1 1 1 2 2 2 2
1 1 1 1 2 2 2 2
1 1 1 1 2 2 2 2
1 1 1 1 2 2 2 2
1 1 1 1 2 2 2 2
1 1 1 1 2 2 2 2
1 1 1 1 2 2 2 2
1 1 1 1 2 2 2 2
1 1 1 1 2 2 2 2
1 1 1 1 2 2 2 2
1 1 1 1 2 2 2 2
1 1 1 1 2 2 2 2
1 1 1 1 2 2 2 2
1 1 1 1 2 2 2 2
1 1 1 1 2 2 2 2
1 1 1 1 2 2 2 2
1 1 1 1 2 2 2 2
1 1 1 1 2 2 2 2
1 1 1 1 2 2 2 2
1 1 1 1 2 2 2 2
1 1 1 1 2 2 2 2
1 1 1 1 2 2 2 2
1 1 1 1 2 2 2 2
1 1 1 1 2 2 2 2
1 1 1 1 2 2 2 2
1 1 1 1 2 2 2 2
1 1 1 1 2 2 2 2
1 1 1 1 2 2 2 2
1 1 1 1 2 2 2 2
1 1 1 1 2 2 2 2
1 1 1 1 2 2 2 2
1 1 1 1 2 2 2 2
1 1 1 1 2 2 2 2
1 1 1 1 2 2 2 2
1 1 1 1 2 2 2 2
1 1 1 1 2 2 2 2
1 1 1 1 2 2 2 2
1 1 1 1 2 2 2 2
1 1 1 1 2 2 2 2
1 1 1 1 2 2 2 2
1 1 1 1 2 2 2 2
1 1 1 1 2 2 2 2
1 1 1 1 2 2 2 2
1 1 1 1 2 2 2 2
1 1 1 1 2 2 2 2
1 1 1 1 2 2 2 2
1 1 1 1 2 2 2 2
1 1 1 1 2 2 2 2
1 1 1 1 2 2 2 2
1 1 1 1 2 2 2 2
1 1 1 1 2 2 2 2
1 1 1 1 2 2 2 2
1 1 1 1 2 2 2 2
1 1 1 1 2 2 2 2
1 1 1 1 2 2 2 2
1 1 1 1 2 2 2 2
1 1 1 1 2 2 2 2
1 1 1 1 2 2 2 2
1 1 1 1 2 2 2 2
1 1 1 1 2 2 2 2
1 1 1 1 2 2 2 2
1 1 1 1 2 2 2 2
1 1 1 1 2 2 2 2
1 1 1 1 2 2 2 2
1 1 1 1 2 2 2 2
1 1 1 1 2 2 2 2
1 1 1 1 2 2 2 2
1 1 1 1 2 2 2 2
1 1 1 1 2 2 2 2
1 1 1 1 2 2 2 2
1 1 1 1 2 2 2 2
1 1 1 1 2 2 2 2
1 1 1 1 2 2 2 2
1 1 1 1 2 2 2 2
1 1 1 1 2 2 2 2
1 1 1 1 2 2 2 2
1 1 1 1 2 2 2 2
1 1 1 1 2 2 2 2
1 1 1 1 2 2 2 2
1 1 1 1 2 2 2 2
1 1 1 1 2 2 2 2
1 1 1 1 2 2 2 2
1 1 1 1 2 2 2 2
1 1 1 1 2 2 2 2
1 1 1 1 2 2 2 2
1 1 1 1 2 2 2 2
1 1 1 1 2 2 2 2
1 1 1 1 2 2 2 2
1 1 1 1 2 2 2 2
1 1 1 1 2 2 2 2
1 1 1 1 2 2 2 2
1 1 1 1 2 2 2 2
1 1 1 1 2 2 2 2
1 1 1 1 2 2 2 2
1 1 1 1 2 2 2 2
1 1 1 1 2 2 2 2
1 1 1 1 2 2 2 2
1 1 1 1 2 2 2 2
1 1 1 1 2 2 2 2
