48 36
18 11
5 5 5 5 5 5 5 5 5 5 5 5 5 5 5 5 5 5 5 5 5 5 5 5 5 5 5 5 5 5 5 5 5 5 5 5 6 6 6 6 6 6 18 18 18 18 18 18 
11 11 11 11 11 11 11 11 11 11 11 11 11 11 11 11 11 11 7 7 7 7 7 7 7 7 7 7 7 7 7 7 7 7 7 7 
11 13 20 30 33 0 0 0 0 0 0 0 0 0 0 0 0 0
12 14 21 25 34 0 0 0 0 0 0 0 0 0 0 0 0 0
7 15 22 26 35 0 0 0 0 0 0 0 0 0 0 0 0 0
8 16 23 27 36 0 0 0 0 0 0 0 0 0 0 0 0 0
9 17 24 28 31 0 0 0 0 0 0 0 0 0 0 0 0 0
10 18 19 29 32 0 0 0 0 0 0 0 0 0 0 0 0 0
2 16 24 25 35 0 0 0 0 0 0 0 0 0 0 0 0 0
3 17 19 26 36 0 0 0 0 0 0 0 0 0 0 0 0 0
4 18 20 27 31 0 0 0 0 0 0 0 0 0 0 0 0 0
5 13 21 28 32 0 0 0 0 0 0 0 0 0 0 0 0 0
6 14 22 29 33 0 0 0 0 0 0 0 0 0 0 0 0 0
1 15 23 30 34 0 0 0 0 0 0 0 0 0 0 0 0 0
4 7 21 29 36 0 0 0 0 0 0 0 0 0 0 0 0 0
5 8 22 30 31 0 0 0 0 0 0 0 0 0 0 0 0 0
6 9 23 25 32 0 0 0 0 0 0 0 0 0 0 0 0 0
1 10 24 26 33 0 0 0 0 0 0 0 0 0 0 0 0 0
2 11 19 27 34 0 0 0 0 0 0 0 0 0 0 0 0 0
3 12 20 28 35 0 0 0 0 0 0 0 0 0 0 0 0 0
5 9 18 26 34 0 0 0 0 0 0 0 0 0 0 0 0 0
6 10 13 27 35 0 0 0 0 0 0 0 0 0 0 0 0 0
1 11 14 28 36 0 0 0 0 0 0 0 0 0 0 0 0 0
2 12 15 29 31 0 0 0 0 0 0 0 0 0 0 0 0 0
3 7 16 30 32 0 0 0 0 0 0 0 0 0 0 0 0 0
4 8 17 25 33 0 0 0 0 0 0 0 0 0 0 0 0 0
3 10 14 23 31 0 0 0 0 0 0 0 0 0 0 0 0 0
4 11 15 24 32 0 0 0 0 0 0 0 0 0 0 0 0 0
5 12 16 19 33 0 0 0 0 0 0 0 0 0 0 0 0 0
6 7 17 20 34 0 0 0 0 0 0 0 0 0 0 0 0 0
1 8 18 21 35 0 0 0 0 0 0 0 0 0 0 0 0 0
2 9 13 22 36 0 0 0 0 0 0 0 0 0 0 0 0 0
6 8 15 19 28 0 0 0 0 0 0 0 0 0 0 0 0 0
1 9 16 20 29 0 0 0 0 0 0 0 0 0 0 0 0 0
2 10 17 21 30 0 0 0 0 0 0 0 0 0 0 0 0 0
3 11 18 22 25 0 0 0 0 0 0 0 0 0 0 0 0 0
4 12 13 23 26 0 0 0 0 0 0 0 0 0 0 0 0 0
5 7 14 24 27 0 0 0 0 0 0 0 0 0 0 0 0 0
1 12 17 22 27 32 0 0 0 0 0 0 0 0 0 0 0 0
2 7 18 23 28 33 0 0 0 0 0 0 0 0 0 0 0 0
3 8 13 24 29 34 0 0 0 0 0 0 0 0 0 0 0 0
4 9 14 19 30 35 0 0 0 0 0 0 0 0 0 0 0 0
5 10 15 20 25 36 0 0 0 0 0 0 0 0 0 0 0 0
6 11 16 21 26 31 0 0 0 0 0 0 0 0 0 0 0 0
2 3 4 5 6 8 9 10 11 12 14 15 16 17 18 19 25 31
1 3 4 5 6 7 9 10 11 12 13 15 16 17 18 20 26 32
1 2 4 5 6 7 8 10 11 12 13 14 16 17 18 21 27 33
1 2 3 5 6 7 8 9 11 12 13 14 15 17 18 22 28 34
1 2 3 4 6 7 8 9 10 12 13 14 15 16 18 23 29 35
1 2 3 4 5 7 8 9 10 11 13 14 15 16 17 24 30 36
12 16 21 29 32 37 44 45 46 47 48
7 17 22 30 33 38 43 45 46 47 48
8 18 23 25 34 39 43 44 46 47 48
9 13 24 26 35 40 43 44 45 47 48
10 14 19 27 36 41 43 44 45 46 48
11 15 20 28 31 42 43 44 45 46 47
3 13 23 28 36 38 44 45 46 47 48
4 14 24 29 31 39 43 45 46 47 48
5 15 19 30 32 40 43 44 46 47 48
6 16 20 25 33 41 43 44 45 47 48
1 17 21 26 34 42 43 44 45 46 48
2 18 22 27 35 37 43 44 45 46 47
1 10 20 30 35 39 44 45 46 47 48
2 11 21 25 36 40 43 45 46 47 48
3 12 22 26 31 41 43 44 46 47 48
4 7 23 27 32 42 43 44 45 47 48
5 8 24 28 33 37 43 44 45 46 48
6 9 19 29 34 38 43 44 45 46 47
6 8 17 27 31 40 43 0 0 0 0
1 9 18 28 32 41 44 0 0 0 0
2 10 13 29 33 42 45 0 0 0 0
3 11 14 30 34 37 46 0 0 0 0
4 12 15 25 35 38 47 0 0 0 0
5 7 16 26 36 39 48 0 0 0 0
2 7 15 24 34 41 43 0 0 0 0
3 8 16 19 35 42 44 0 0 0 0
4 9 17 20 36 37 45 0 0 0 0
5 10 18 21 31 38 46 0 0 0 0
6 11 13 22 32 39 47 0 0 0 0
1 12 14 23 33 40 48 0 0 0 0
5 9 14 22 25 42 43 0 0 0 0
6 10 15 23 26 37 44 0 0 0 0
1 11 16 24 27 38 45 0 0 0 0
2 12 17 19 28 39 46 0 0 0 0
3 7 18 20 29 40 47 0 0 0 0
4 8 13 21 30 41 48 0 0 0 0
1 1 1 1 1 1 1 1 1 1 1
1 1 1 1 1 1 1 1 1 1 1
1 1 1 1 1 1 1 1 1 1 1
1 1 1 1 1 1 1 1 1 1 1
1 1 1 1 1 1 1 1 1 1 1
1 1 1 1 1 1 1 1 1 1 1
1 1 1 1 1 1 1 1 1 1 1
1 1 1 1 1 1 1 1 1 1 1
1 1 1 1 1 1 1 1 1 1 1
1 1 1 1 1 1 1 1 1 1 1
1 1 1 1 1 1 1 1 1 1 1
1 1 1 1 1 1 1 1 1 1 1
1 1 1 1 1 1 1 1 1 1 1
1 1 1 1 1 1 1 1 1 1 1
1 1 1 1 1 1 1 1 1 1 1
1 1 1 1 1 1 1 1 1 1 1
1 1 1 1 1 1 1 1 1 1 1
1 1 1 1 1 1 1 1 1 1 1
2 2 2 2 2 2 2 0 0 0 0
2 2 2 2 2 2 2 0 0 0 0
2 2 2 2 2 2 2 0 0 0 0
2 2 2 2 2 2 2 0 0 0 0
2 2 2 2 2 2 2 0 0 0 0
2 2 2 2 2 2 2 0 0 0 0
2 2 2 2 2 2 2 0 0 0 0
2 2 2 2 2 2 2 0 0 0 0
2 2 2 2 2 2 2 0 0 0 0
2 2 2 2 2 2 2 0 0 0 0
2 2 2 2 2 2 2 0 0 0 0
2 2 2 2 2 2 2 0 0 0 0
2 2 2 2 2 2 2 0 0 0 0
2 2 2 2 2 2 2 0 0 0 0
2 2 2 2 2 2 2 0 0 0 0
2 2 2 2 2 2 2 0 0 0 0
2 2 2 2 2 2 2 0 0 0 0
2 2 2 2 2 2 2 0 0 0 0
1 1 2 2 2 0 0 0 0 0 0 0 0 0 0 0 0 0
1 1 2 2 2 0 0 0 0 0 0 0 0 0 0 0 0 0
1 1 2 2 2 0 0 0 0 0 0 0 0 0 0 0 0 0
1 1 2 2 2 0 0 0 0 0 0 0 0 0 0 0 0 0
1 1 2 2 2 0 0 0 0 0 0 0 0 0 0 0 0 0
1 1 2 2 2 0 0 0 0 0 0 0 0 0 0 0 0 0
1 1 2 2 2 0 0 0 0 0 0 0 0 0 0 0 0 0
1 1 2 2 2 0 0 0 0 0 0 0 0 0 0 0 0 0
1 1 2 2 2 0 0 0 0 0 0 0 0 0 0 0 0 0
1 1 2 2 2 0 0 0 0 0 0 0 0 0 0 0 0 0
1 1 2 2 2 0 0 0 0 0 0 0 0 0 0 0 0 0
1 1 2 2 2 0 0 0 0 0 0 0 0 0 0 0 0 0
1 1 2 2 2 0 0 0 0 0 0 0 0 0 0 0 0 0
1 1 2 2 2 0 0 0 0 0 0 0 0 0 0 0 0 0
1 1 2 2 2 0 0 0 0 0 0 0 0 0 0 0 0 0
1 1 2 2 2 0 0 0 0 0 0 0 0 0 0 0 0 0
1 1 2 2 2 0 0 0 0 0 0 0 0 0 0 0 0 0
1 1 2 2 2 0 0 0 0 0 0 0 0 0 0 0 0 0
1 1 1 2 2 0 0 0 0 0 0 0 0 0 0 0 0 0
1 1 1 2 2 0 0 0 0 0 0 0 0 0 0 0 0 0
1 1 1 2 2 0 0 0 0 0 0 0 0 0 0 0 0 0
1 1 1 2 2 0 0 0 0 0 0 0 0 0 0 0 0 0
1 1 1 2 2 0 0 0 0 0 0 0 0 0 0 0 0 0
1 1 1 2 2 0 0 0 0 0 0 0 0 0 0 0 0 0
1 1 1 2 2 0 0 0 0 0 0 0 0 0 0 0 0 0
1 1 1 2 2 0 0 0 0 0 0 0 0 0 0 0 0 0
1 1 1 2 2 0 0 0 0 0 0 0 0 0 0 0 0 0
1 1 1 2 2 0 0 0 0 0 0 0 0 0 0 0 0 0
1 1 1 2 2 0 0 0 0 0 0 0 0 0 0 0 0 0
1 1 1 2 2 0 0 0 0 0 0 0 0 0 0 0 0 0
1 1 1 2 2 0 0 0 0 0 0 0 0 0 0 0 0 0
1 1 1 2 2 0 0 0 0 0 0 0 0 0 0 0 0 0
1 1 1 2 2 0 0 0 0 0 0 0 0 0 0 0 0 0
1 1 1 2 2 0 0 0 0 0 0 0 0 0 0 0 0 0
1 1 1 2 2 0 0 0 0 0 0 0 0 0 0 0 0 0
1 1 1 2 2 0 0 0 0 0 0 0 0 0 0 0 0 0
1 1 1 2 2 2 0 0 0 0 0 0 0 0 0 0 0 0
1 1 1 2 2 2 0 0 0 0 0 0 0 0 0 0 0 0
1 1 1 2 2 2 0 0 0 0 0 0 0 0 0 0 0 0
1 1 1 2 2 2 0 0 0 0 0 0 0 0 0 0 0 0
1 1 1 2 2 2 0 0 0 0 0 0 0 0 0 0 0 0
1 1 1 2 2 2 0 0 0 0 0 0 0 0 0 0 0 0
1 1 1 1 1 1 1 1 1 1 1 1 1 1 1 2 2 2
1 1 1 1 1 1 1 1 1 1 1 1 1 1 1 2 2 2
1 1 1 1 1 1 1 1 1 1 1 1 1 1 1 2 2 2
1 1 1 1 1 1 1 1 1 1 1 1 1 1 1 2 2 2
1 1 1 1 1 1 1 1 1 1 1 1 1 1 1 2 2 2
1 1 1 1 1 1 1 1 1 1 1 1 1 1 1 2 2 2
