65 46
31 14
8 18 8 18 24 28 24 8 13 25 21 13 21 1 25 1 23 23 23 1 23 1 1 1 1 1 1 1 1 1 1 1 31 1 1 1 1 1 1 1 1 1 1 1 1 1 1 1 1 1 1 1 1 1 1 1 1 1 1 1 1 1 1 1 1 
8 8 8 12 12 12 12 4 8 4 12 10 10 4 12 10 8 10 8 10 10 10 10 6 10 14 8 12 4 10 12 8 10 8 6 14 6 8 12 12 12 12 4 6 8 9 
2 4 9 15 28 34 41 46 0 0 0 0 0 0 0 0 0 0 0 0 0 0 0 0 0 0 0 0 0 0 0
2 5 9 12 14 15 16 21 22 26 28 31 34 36 40 41 42 46 0 0 0 0 0 0 0 0 0 0 0 0 0
1 6 7 17 26 36 39 46 0 0 0 0 0 0 0 0 0 0 0 0 0 0 0 0 0 0 0 0 0 0 0
1 4 5 6 7 11 13 15 17 18 25 26 29 32 35 36 45 46 0 0 0 0 0 0 0 0 0 0 0 0 0
2 3 5 6 7 11 12 15 18 20 22 23 25 26 28 30 33 36 39 40 42 44 45 46 0 0 0 0 0 0 0
2 3 4 6 7 9 10 11 13 18 19 21 22 23 24 25 26 31 32 33 34 36 38 39 41 42 44 46 0 0 0
1 3 4 5 7 12 13 16 19 20 23 27 28 30 31 32 33 37 38 39 40 41 42 46 0 0 0 0 0 0 0
1 3 8 18 28 30 40 46 0 0 0 0 0 0 0 0 0 0 0 0 0 0 0 0 0 0 0 0 0 0 0
1 5 6 7 11 15 17 25 26 35 36 39 45 0 0 0 0 0 0 0 0 0 0 0 0 0 0 0 0 0 0
1 4 5 7 11 12 13 16 19 20 21 22 23 27 28 30 31 33 37 38 39 40 41 42 43 0 0 0 0 0 0
2 5 6 9 11 12 14 15 16 20 21 22 26 27 28 30 31 34 36 40 42 0 0 0 0 0 0 0 0 0 0
2 4 5 9 12 15 21 26 28 31 34 40 41 0 0 0 0 0 0 0 0 0 0 0 0 0 0 0 0 0 0
1 4 6 7 8 11 13 15 16 17 18 25 26 27 29 32 35 36 37 38 45 0 0 0 0 0 0 0 0 0 0
1 0 0 0 0 0 0 0 0 0 0 0 0 0 0 0 0 0 0 0 0 0 0 0 0 0 0 0 0 0 0
2 4 6 9 10 11 13 16 18 19 21 22 24 25 26 31 32 33 36 38 39 41 42 44 45 0 0 0 0 0 0
2 0 0 0 0 0 0 0 0 0 0 0 0 0 0 0 0 0 0 0 0 0 0 0 0 0 0 0 0 0 0
3 4 5 7 10 12 13 15 16 19 20 23 24 27 28 30 31 32 33 38 39 40 41 0 0 0 0 0 0 0 0
3 4 6 7 9 11 13 18 19 20 21 22 23 24 25 31 33 34 36 39 41 42 44 0 0 0 0 0 0 0 0
3 5 6 7 8 11 12 15 17 18 20 23 25 26 28 30 33 35 36 39 40 42 45 0 0 0 0 0 0 0 0
3 0 0 0 0 0 0 0 0 0 0 0 0 0 0 0 0 0 0 0 0 0 0 0 0 0 0 0 0 0 0
4 5 6 11 12 13 14 16 17 20 21 22 23 26 27 30 31 36 37 40 41 42 43 0 0 0 0 0 0 0 0
4 0 0 0 0 0 0 0 0 0 0 0 0 0 0 0 0 0 0 0 0 0 0 0 0 0 0 0 0 0 0
5 0 0 0 0 0 0 0 0 0 0 0 0 0 0 0 0 0 0 0 0 0 0 0 0 0 0 0 0 0 0
6 0 0 0 0 0 0 0 0 0 0 0 0 0 0 0 0 0 0 0 0 0 0 0 0 0 0 0 0 0 0
7 0 0 0 0 0 0 0 0 0 0 0 0 0 0 0 0 0 0 0 0 0 0 0 0 0 0 0 0 0 0
8 0 0 0 0 0 0 0 0 0 0 0 0 0 0 0 0 0 0 0 0 0 0 0 0 0 0 0 0 0 0
9 0 0 0 0 0 0 0 0 0 0 0 0 0 0 0 0 0 0 0 0 0 0 0 0 0 0 0 0 0 0
10 0 0 0 0 0 0 0 0 0 0 0 0 0 0 0 0 0 0 0 0 0 0 0 0 0 0 0 0 0 0
11 0 0 0 0 0 0 0 0 0 0 0 0 0 0 0 0 0 0 0 0 0 0 0 0 0 0 0 0 0 0
12 0 0 0 0 0 0 0 0 0 0 0 0 0 0 0 0 0 0 0 0 0 0 0 0 0 0 0 0 0 0
13 0 0 0 0 0 0 0 0 0 0 0 0 0 0 0 0 0 0 0 0 0 0 0 0 0 0 0 0 0 0
14 0 0 0 0 0 0 0 0 0 0 0 0 0 0 0 0 0 0 0 0 0 0 0 0 0 0 0 0 0 0
15 16 17 18 19 20 21 22 23 24 25 26 27 28 29 30 31 32 33 34 35 36 37 38 39 40 41 42 43 44 45
15 0 0 0 0 0 0 0 0 0 0 0 0 0 0 0 0 0 0 0 0 0 0 0 0 0 0 0 0 0 0
16 0 0 0 0 0 0 0 0 0 0 0 0 0 0 0 0 0 0 0 0 0 0 0 0 0 0 0 0 0 0
17 0 0 0 0 0 0 0 0 0 0 0 0 0 0 0 0 0 0 0 0 0 0 0 0 0 0 0 0 0 0
18 0 0 0 0 0 0 0 0 0 0 0 0 0 0 0 0 0 0 0 0 0 0 0 0 0 0 0 0 0 0
19 0 0 0 0 0 0 0 0 0 0 0 0 0 0 0 0 0 0 0 0 0 0 0 0 0 0 0 0 0 0
20 0 0 0 0 0 0 0 0 0 0 0 0 0 0 0 0 0 0 0 0 0 0 0 0 0 0 0 0 0 0
21 0 0 0 0 0 0 0 0 0 0 0 0 0 0 0 0 0 0 0 0 0 0 0 0 0 0 0 0 0 0
22 0 0 0 0 0 0 0 0 0 0 0 0 0 0 0 0 0 0 0 0 0 0 0 0 0 0 0 0 0 0
23 0 0 0 0 0 0 0 0 0 0 0 0 0 0 0 0 0 0 0 0 0 0 0 0 0 0 0 0 0 0
24 0 0 0 0 0 0 0 0 0 0 0 0 0 0 0 0 0 0 0 0 0 0 0 0 0 0 0 0 0 0
25 0 0 0 0 0 0 0 0 0 0 0 0 0 0 0 0 0 0 0 0 0 0 0 0 0 0 0 0 0 0
26 0 0 0 0 0 0 0 0 0 0 0 0 0 0 0 0 0 0 0 0 0 0 0 0 0 0 0 0 0 0
27 0 0 0 0 0 0 0 0 0 0 0 0 0 0 0 0 0 0 0 0 0 0 0 0 0 0 0 0 0 0
28 0 0 0 0 0 0 0 0 0 0 0 0 0 0 0 0 0 0 0 0 0 0 0 0 0 0 0 0 0 0
29 0 0 0 0 0 0 0 0 0 0 0 0 0 0 0 0 0 0 0 0 0 0 0 0 0 0 0 0 0 0
30 0 0 0 0 0 0 0 0 0 0 0 0 0 0 0 0 0 0 0 0 0 0 0 0 0 0 0 0 0 0
31 0 0 0 0 0 0 0 0 0 0 0 0 0 0 0 0 0 0 0 0 0 0 0 0 0 0 0 0 0 0
32 0 0 0 0 0 0 0 0 0 0 0 0 0 0 0 0 0 0 0 0 0 0 0 0 0 0 0 0 0 0
33 0 0 0 0 0 0 0 0 0 0 0 0 0 0 0 0 0 0 0 0 0 0 0 0 0 0 0 0 0 0
34 0 0 0 0 0 0 0 0 0 0 0 0 0 0 0 0 0 0 0 0 0 0 0 0 0 0 0 0 0 0
35 0 0 0 0 0 0 0 0 0 0 0 0 0 0 0 0 0 0 0 0 0 0 0 0 0 0 0 0 0 0
36 0 0 0 0 0 0 0 0 0 0 0 0 0 0 0 0 0 0 0 0 0 0 0 0 0 0 0 0 0 0
37 0 0 0 0 0 0 0 0 0 0 0 0 0 0 0 0 0 0 0 0 0 0 0 0 0 0 0 0 0 0
38 0 0 0 0 0 0 0 0 0 0 0 0 0 0 0 0 0 0 0 0 0 0 0 0 0 0 0 0 0 0
39 0 0 0 0 0 0 0 0 0 0 0 0 0 0 0 0 0 0 0 0 0 0 0 0 0 0 0 0 0 0
40 0 0 0 0 0 0 0 0 0 0 0 0 0 0 0 0 0 0 0 0 0 0 0 0 0 0 0 0 0 0
41 0 0 0 0 0 0 0 0 0 0 0 0 0 0 0 0 0 0 0 0 0 0 0 0 0 0 0 0 0 0
42 0 0 0 0 0 0 0 0 0 0 0 0 0 0 0 0 0 0 0 0 0 0 0 0 0 0 0 0 0 0
43 0 0 0 0 0 0 0 0 0 0 0 0 0 0 0 0 0 0 0 0 0 0 0 0 0 0 0 0 0 0
44 0 0 0 0 0 0 0 0 0 0 0 0 0 0 0 0 0 0 0 0 0 0 0 0 0 0 0 0 0 0
45 0 0 0 0 0 0 0 0 0 0 0 0 0 0 0 0 0 0 0 0 0 0 0 0 0 0 0 0 0 0
46 0 0 0 0 0 0 0 0 0 0 0 0 0 0 0 0 0 0 0 0 0 0 0 0 0 0 0 0 0 0
3 4 7 8 9 10 13 14 0 0 0 0 0 0
1 2 5 6 11 12 15 16 0 0 0 0 0 0
5 6 7 8 17 18 19 20 0 0 0 0 0 0
1 4 6 7 10 12 13 15 17 18 21 22 0 0
2 4 5 7 9 10 11 12 17 19 21 23 0 0
3 4 5 6 9 11 13 15 18 19 21 24 0 0
3 4 5 6 7 9 10 13 17 18 19 25 0 0
8 13 19 26 0 0 0 0 0 0 0 0 0 0
1 2 6 11 12 15 18 27 0 0 0 0 0 0
6 15 17 28 0 0 0 0 0 0 0 0 0 0
4 5 6 9 10 11 13 15 18 19 21 29 0 0
2 5 7 10 11 12 17 19 21 30 0 0 0 0
4 6 7 10 13 15 17 18 21 31 0 0 0 0
2 11 21 32 0 0 0 0 0 0 0 0 0 0
1 2 4 5 9 11 12 13 17 19 33 34 0 0
2 7 10 11 13 15 17 21 33 35 0 0 0 0
3 4 9 13 19 21 33 36 0 0 0 0 0 0
4 5 6 8 13 15 18 19 33 37 0 0 0 0
6 7 10 15 17 18 33 38 0 0 0 0 0 0
5 7 10 11 17 18 19 21 33 39 0 0 0 0
2 6 10 11 12 15 18 21 33 40 0 0 0 0
2 5 6 10 11 15 18 21 33 41 0 0 0 0
5 6 7 10 17 18 19 21 33 42 0 0 0 0
6 15 17 18 33 43 0 0 0 0 0 0 0 0
4 5 6 9 13 15 18 19 33 44 0 0 0 0
2 3 4 5 6 9 11 12 13 15 19 21 33 45
7 10 11 13 17 21 33 46 0 0 0 0 0 0
1 2 5 7 8 10 11 12 17 19 33 47 0 0
4 13 33 48 0 0 0 0 0 0 0 0 0 0
5 7 8 10 11 17 19 21 33 49 0 0 0 0
2 6 7 10 11 12 15 17 18 21 33 50 0 0
4 6 7 13 15 17 33 51 0 0 0 0 0 0
5 6 7 10 15 17 18 19 33 52 0 0 0 0
1 2 6 11 12 18 33 53 0 0 0 0 0 0
4 9 13 19 33 54 0 0 0 0 0 0 0 0
2 3 4 5 6 9 11 13 15 18 19 21 33 55
7 10 13 21 33 56 0 0 0 0 0 0 0 0
6 7 10 13 15 17 33 57 0 0 0 0 0 0
3 5 6 7 9 10 15 17 18 19 33 58 0 0
2 5 7 8 10 11 12 17 19 21 33 59 0 0
1 2 6 7 10 12 15 17 18 21 33 60 0 0
2 5 6 7 10 11 15 18 19 21 33 61 0 0
10 21 33 62 0 0 0 0 0 0 0 0 0 0
5 6 15 18 33 63 0 0 0 0 0 0 0 0
4 5 9 13 15 19 33 64 0 0 0 0 0 0
1 2 3 4 5 6 7 8 65 0 0 0 0 0
