65 46
32 16
24 28 32 28 32 26 24 18 29 29 21 25 25 1 21 1 23 23 23 1 23 1 1 1 1 1 1 1 1 1 1 1 31 1 1 1 1 1 1 1 1 1 1 1 1 1 1 1 1 1 1 1 1 1 1 1 1 1 1 1 1 1 1 1 1 
8 8 8 12 12 12 14 4 12 10 4 8 8 8 14 14 12 16 12 14 14 12 8 14 12 12 14 12 14 14 14 8 12 12 14 16 8 14 14 14 6 12 14 14 14 9 
1 3 4 6 7 9 13 16 18 19 20 21 26 27 28 31 34 36 38 40 43 44 45 46 0 0 0 0 0 0 0 0
1 3 5 6 9 10 14 15 17 18 20 21 22 24 25 27 29 30 33 34 35 36 38 39 40 42 45 46 0 0 0 0
2 3 13 15 16 17 18 19 20 21 22 23 24 25 26 28 29 30 32 33 34 35 36 37 38 39 40 41 43 44 45 46
2 3 4 5 7 10 11 12 13 15 16 20 22 23 25 26 29 30 31 32 33 36 40 42 43 44 45 46 0 0 0 0
1 5 14 15 16 17 18 19 20 21 22 24 25 26 27 28 29 30 31 33 34 35 36 37 38 39 40 42 43 44 45 46
1 4 7 9 14 15 16 18 19 21 22 24 26 27 28 31 33 34 35 36 38 39 43 44 45 46 0 0 0 0 0 0
2 4 5 6 7 8 9 10 12 17 20 21 24 28 29 31 36 37 39 40 41 42 43 46 0 0 0 0 0 0 0 0
2 6 7 9 12 15 16 18 23 25 27 30 32 35 38 39 44 46 0 0 0 0 0 0 0 0 0 0 0 0 0 0
1 5 6 10 14 15 17 18 19 20 21 22 24 25 26 27 29 30 33 34 35 36 37 38 39 40 42 44 45 0 0 0
1 4 5 7 14 15 16 17 18 19 21 22 24 26 27 28 29 30 31 33 34 35 36 38 39 42 43 44 45 0 0 0
2 5 6 7 9 10 12 15 16 18 19 22 23 25 27 30 32 34 35 38 44 0 0 0 0 0 0 0 0 0 0 0
2 4 5 7 8 10 12 17 18 20 21 23 24 28 29 31 35 36 37 38 39 40 41 42 43 0 0 0 0 0 0 0
1 4 6 7 9 13 14 16 18 19 21 24 26 27 28 31 34 35 36 38 39 40 43 44 45 0 0 0 0 0 0 0
1 0 0 0 0 0 0 0 0 0 0 0 0 0 0 0 0 0 0 0 0 0 0 0 0 0 0 0 0 0 0 0
2 4 6 7 9 11 12 15 16 17 18 23 24 25 27 30 31 32 35 39 44 0 0 0 0 0 0 0 0 0 0 0
2 0 0 0 0 0 0 0 0 0 0 0 0 0 0 0 0 0 0 0 0 0 0 0 0 0 0 0 0 0 0 0
3 4 5 7 10 12 13 15 16 19 20 22 25 26 29 30 31 32 33 42 43 44 45 0 0 0 0 0 0 0 0 0
3 4 6 7 9 11 13 18 19 20 21 26 27 28 29 31 33 34 36 38 40 43 45 0 0 0 0 0 0 0 0 0
3 5 6 9 10 13 14 15 17 18 20 22 24 27 29 30 33 35 36 39 40 42 45 0 0 0 0 0 0 0 0 0
3 0 0 0 0 0 0 0 0 0 0 0 0 0 0 0 0 0 0 0 0 0 0 0 0 0 0 0 0 0 0 0
4 5 6 7 8 9 10 16 17 20 21 24 25 28 29 30 31 36 37 40 41 42 43 0 0 0 0 0 0 0 0 0
4 0 0 0 0 0 0 0 0 0 0 0 0 0 0 0 0 0 0 0 0 0 0 0 0 0 0 0 0 0 0 0
5 0 0 0 0 0 0 0 0 0 0 0 0 0 0 0 0 0 0 0 0 0 0 0 0 0 0 0 0 0 0 0
6 0 0 0 0 0 0 0 0 0 0 0 0 0 0 0 0 0 0 0 0 0 0 0 0 0 0 0 0 0 0 0
7 0 0 0 0 0 0 0 0 0 0 0 0 0 0 0 0 0 0 0 0 0 0 0 0 0 0 0 0 0 0 0
8 0 0 0 0 0 0 0 0 0 0 0 0 0 0 0 0 0 0 0 0 0 0 0 0 0 0 0 0 0 0 0
9 0 0 0 0 0 0 0 0 0 0 0 0 0 0 0 0 0 0 0 0 0 0 0 0 0 0 0 0 0 0 0
10 0 0 0 0 0 0 0 0 0 0 0 0 0 0 0 0 0 0 0 0 0 0 0 0 0 0 0 0 0 0 0
11 0 0 0 0 0 0 0 0 0 0 0 0 0 0 0 0 0 0 0 0 0 0 0 0 0 0 0 0 0 0 0
12 0 0 0 0 0 0 0 0 0 0 0 0 0 0 0 0 0 0 0 0 0 0 0 0 0 0 0 0 0 0 0
13 0 0 0 0 0 0 0 0 0 0 0 0 0 0 0 0 0 0 0 0 0 0 0 0 0 0 0 0 0 0 0
14 0 0 0 0 0 0 0 0 0 0 0 0 0 0 0 0 0 0 0 0 0 0 0 0 0 0 0 0 0 0 0
15 16 17 18 19 20 21 22 23 24 25 26 27 28 29 30 31 32 33 34 35 36 37 38 39 40 41 42 43 44 45 0
15 0 0 0 0 0 0 0 0 0 0 0 0 0 0 0 0 0 0 0 0 0 0 0 0 0 0 0 0 0 0 0
16 0 0 0 0 0 0 0 0 0 0 0 0 0 0 0 0 0 0 0 0 0 0 0 0 0 0 0 0 0 0 0
17 0 0 0 0 0 0 0 0 0 0 0 0 0 0 0 0 0 0 0 0 0 0 0 0 0 0 0 0 0 0 0
18 0 0 0 0 0 0 0 0 0 0 0 0 0 0 0 0 0 0 0 0 0 0 0 0 0 0 0 0 0 0 0
19 0 0 0 0 0 0 0 0 0 0 0 0 0 0 0 0 0 0 0 0 0 0 0 0 0 0 0 0 0 0 0
20 0 0 0 0 0 0 0 0 0 0 0 0 0 0 0 0 0 0 0 0 0 0 0 0 0 0 0 0 0 0 0
21 0 0 0 0 0 0 0 0 0 0 0 0 0 0 0 0 0 0 0 0 0 0 0 0 0 0 0 0 0 0 0
22 0 0 0 0 0 0 0 0 0 0 0 0 0 0 0 0 0 0 0 0 0 0 0 0 0 0 0 0 0 0 0
23 0 0 0 0 0 0 0 0 0 0 0 0 0 0 0 0 0 0 0 0 0 0 0 0 0 0 0 0 0 0 0
24 0 0 0 0 0 0 0 0 0 0 0 0 0 0 0 0 0 0 0 0 0 0 0 0 0 0 0 0 0 0 0
25 0 0 0 0 0 0 0 0 0 0 0 0 0 0 0 0 0 0 0 0 0 0 0 0 0 0 0 0 0 0 0
26 0 0 0 0 0 0 0 0 0 0 0 0 0 0 0 0 0 0 0 0 0 0 0 0 0 0 0 0 0 0 0
27 0 0 0 0 0 0 0 0 0 0 0 0 0 0 0 0 0 0 0 0 0 0 0 0 0 0 0 0 0 0 0
28 0 0 0 0 0 0 0 0 0 0 0 0 0 0 0 0 0 0 0 0 0 0 0 0 0 0 0 0 0 0 0
29 0 0 0 0 0 0 0 0 0 0 0 0 0 0 0 0 0 0 0 0 0 0 0 0 0 0 0 0 0 0 0
30 0 0 0 0 0 0 0 0 0 0 0 0 0 0 0 0 0 0 0 0 0 0 0 0 0 0 0 0 0 0 0
31 0 0 0 0 0 0 0 0 0 0 0 0 0 0 0 0 0 0 0 0 0 0 0 0 0 0 0 0 0 0 0
32 0 0 0 0 0 0 0 0 0 0 0 0 0 0 0 0 0 0 0 0 0 0 0 0 0 0 0 0 0 0 0
33 0 0 0 0 0 0 0 0 0 0 0 0 0 0 0 0 0 0 0 0 0 0 0 0 0 0 0 0 0 0 0
34 0 0 0 0 0 0 0 0 0 0 0 0 0 0 0 0 0 0 0 0 0 0 0 0 0 0 0 0 0 0 0
35 0 0 0 0 0 0 0 0 0 0 0 0 0 0 0 0 0 0 0 0 0 0 0 0 0 0 0 0 0 0 0
36 0 0 0 0 0 0 0 0 0 0 0 0 0 0 0 0 0 0 0 0 0 0 0 0 0 0 0 0 0 0 0
37 0 0 0 0 0 0 0 0 0 0 0 0 0 0 0 0 0 0 0 0 0 0 0 0 0 0 0 0 0 0 0
38 0 0 0 0 0 0 0 0 0 0 0 0 0 0 0 0 0 0 0 0 0 0 0 0 0 0 0 0 0 0 0
39 0 0 0 0 0 0 0 0 0 0 0 0 0 0 0 0 0 0 0 0 0 0 0 0 0 0 0 0 0 0 0
40 0 0 0 0 0 0 0 0 0 0 0 0 0 0 0 0 0 0 0 0 0 0 0 0 0 0 0 0 0 0 0
41 0 0 0 0 0 0 0 0 0 0 0 0 0 0 0 0 0 0 0 0 0 0 0 0 0 0 0 0 0 0 0
42 0 0 0 0 0 0 0 0 0 0 0 0 0 0 0 0 0 0 0 0 0 0 0 0 0 0 0 0 0 0 0
43 0 0 0 0 0 0 0 0 0 0 0 0 0 0 0 0 0 0 0 0 0 0 0 0 0 0 0 0 0 0 0
44 0 0 0 0 0 0 0 0 0 0 0 0 0 0 0 0 0 0 0 0 0 0 0 0 0 0 0 0 0 0 0
45 0 0 0 0 0 0 0 0 0 0 0 0 0 0 0 0 0 0 0 0 0 0 0 0 0 0 0 0 0 0 0
46 0 0 0 0 0 0 0 0 0 0 0 0 0 0 0 0 0 0 0 0 0 0 0 0 0 0 0 0 0 0 0
1 2 5 6 9 10 13 14 0 0 0 0 0 0 0 0
3 4 7 8 11 12 15 16 0 0 0 0 0 0 0 0
1 2 3 4 17 18 19 20 0 0 0 0 0 0 0 0
1 4 6 7 10 12 13 15 17 18 21 22 0 0 0 0
2 4 5 7 9 10 11 12 17 19 21 23 0 0 0 0
1 2 7 8 9 11 13 15 18 19 21 24 0 0 0 0
1 4 6 7 8 10 11 12 13 15 17 18 21 25 0 0
7 12 21 26 0 0 0 0 0 0 0 0 0 0 0 0
1 2 6 7 8 11 13 15 18 19 21 27 0 0 0 0
2 4 7 9 11 12 17 19 21 28 0 0 0 0 0 0
4 15 18 29 0 0 0 0 0 0 0 0 0 0 0 0
4 7 8 11 12 15 17 30 0 0 0 0 0 0 0 0
1 3 4 13 17 18 19 31 0 0 0 0 0 0 0 0
2 5 6 9 10 13 19 32 0 0 0 0 0 0 0 0
2 3 4 5 6 8 9 10 11 15 17 19 33 34 0 0
1 3 4 5 6 8 10 11 13 15 17 21 33 35 0 0
2 3 5 7 9 10 12 15 19 21 33 36 0 0 0 0
1 2 3 5 6 8 9 10 11 12 13 15 18 19 33 37
1 3 5 6 9 10 11 13 17 18 33 38 0 0 0 0
1 2 3 4 5 7 9 12 17 18 19 21 33 39 0 0
1 2 3 5 6 7 9 10 12 13 18 21 33 40 0 0
2 3 4 5 6 9 10 11 17 19 33 41 0 0 0 0
3 4 8 11 12 15 33 42 0 0 0 0 0 0 0 0
2 3 5 6 7 9 10 12 13 15 19 21 33 43 0 0
2 3 4 5 8 9 11 15 17 21 33 44 0 0 0 0
1 3 4 5 6 9 10 13 17 18 33 45 0 0 0 0
1 2 5 6 8 9 10 11 13 15 18 19 33 46 0 0
1 3 5 6 7 10 12 13 18 21 33 47 0 0 0 0
2 3 4 5 7 9 10 12 17 18 19 21 33 48 0 0
2 3 4 5 8 9 10 11 15 17 19 21 33 49 0 0
1 4 5 6 7 10 12 13 15 17 18 21 33 50 0 0
3 4 8 11 15 17 33 51 0 0 0 0 0 0 0 0
2 3 4 5 6 9 10 17 18 19 33 52 0 0 0 0
1 2 3 5 6 9 10 11 13 18 33 53 0 0 0 0
2 3 5 6 8 9 10 11 12 13 15 19 33 54 0 0
1 2 3 4 5 6 7 9 10 12 13 18 19 21 33 55
3 5 7 9 12 21 33 56 0 0 0 0 0 0 0 0
1 2 3 5 6 8 9 10 11 12 13 18 33 57 0 0
2 3 5 6 7 8 9 10 12 13 15 19 33 58 0 0
1 2 3 4 5 7 9 12 13 18 19 21 33 59 0 0
3 7 12 21 33 60 0 0 0 0 0 0 0 0 0 0
2 4 5 7 9 10 12 17 19 21 33 61 0 0 0 0
1 3 4 5 6 7 10 12 13 17 18 21 33 62 0 0
1 3 4 5 6 8 9 10 11 13 15 17 33 63 0 0
1 2 3 4 5 6 9 10 13 17 18 19 33 64 0 0
1 2 3 4 5 6 7 8 65 0 0 0 0 0 0 0
