22 20
20 6
4 5 5 5 5 4 5 4 5 5 5 5 5 5 5 5 5 4 5 5 4 20 
6 6 6 6 6 6 6 6 6 6 6 6 6 6 6 6 6 6 6 6 
1 4 14 16 0 0 0 0 0 0 0 0 0 0 0 0 0 0 0 0
1 2 5 15 17 0 0 0 0 0 0 0 0 0 0 0 0 0 0 0
2 3 6 16 18 0 0 0 0 0 0 0 0 0 0 0 0 0 0 0
3 4 7 17 19 0 0 0 0 0 0 0 0 0 0 0 0 0 0 0
4 5 8 18 20 0 0 0 0 0 0 0 0 0 0 0 0 0 0 0
5 6 9 19 0 0 0 0 0 0 0 0 0 0 0 0 0 0 0 0
1 6 7 10 20 0 0 0 0 0 0 0 0 0 0 0 0 0 0 0
2 7 8 11 0 0 0 0 0 0 0 0 0 0 0 0 0 0 0 0
1 3 8 9 12 0 0 0 0 0 0 0 0 0 0 0 0 0 0 0
2 4 9 10 13 0 0 0 0 0 0 0 0 0 0 0 0 0 0 0
3 5 10 11 14 0 0 0 0 0 0 0 0 0 0 0 0 0 0 0
4 6 11 12 15 0 0 0 0 0 0 0 0 0 0 0 0 0 0 0
5 7 12 13 16 0 0 0 0 0 0 0 0 0 0 0 0 0 0 0
6 8 13 14 17 0 0 0 0 0 0 0 0 0 0 0 0 0 0 0
7 9 14 15 18 0 0 0 0 0 0 0 0 0 0 0 0 0 0 0
8 10 15 16 19 0 0 0 0 0 0 0 0 0 0 0 0 0 0 0
9 11 16 17 20 0 0 0 0 0 0 0 0 0 0 0 0 0 0 0
10 12 17 18 0 0 0 0 0 0 0 0 0 0 0 0 0 0 0 0
1 11 13 18 19 0 0 0 0 0 0 0 0 0 0 0 0 0 0 0
2 12 14 19 20 0 0 0 0 0 0 0 0 0 0 0 0 0 0 0
3 13 15 20 0 0 0 0 0 0 0 0 0 0 0 0 0 0 0 0
1 2 3 4 5 6 7 8 9 10 11 12 13 14 15 16 17 18 19 20
1 2 7 9 19 22
2 3 8 10 20 22
3 4 9 11 21 22
1 4 5 10 12 22
2 5 6 11 13 22
3 6 7 12 14 22
4 7 8 13 15 22
5 8 9 14 16 22
6 9 10 15 17 22
7 10 11 16 18 22
8 11 12 17 19 22
9 12 13 18 20 22
10 13 14 19 21 22
1 11 14 15 20 22
2 12 15 16 21 22
1 3 13 16 17 22
2 4 14 17 18 22
3 5 15 18 19 22
4 6 16 19 20 22
5 7 17 20 21 22
1 1 1 1 1 1
1 1 1 1 1 1
1 1 1 1 1 1
1 1 1 1 1 1
1 1 1 1 1 1
1 1 1 1 1 1
1 1 1 1 1 1
1 1 1 1 1 1
1 1 1 1 1 1
1 1 1 1 1 1
2 2 2 2 2 2
2 2 2 2 2 2
2 2 2 2 2 2
2 2 2 2 2 2
2 2 2 2 2 2
2 2 2 2 2 2
2 2 2 2 2 2
2 2 2 2 2 2
2 2 2 2 2 2
2 2 2 2 2 2
1 1 2 2 0 0 0 0 0 0 0 0 0 0 0 0 0 0 0 0
1 1 1 2 2 0 0 0 0 0 0 0 0 0 0 0 0 0 0 0
1 1 1 2 2 0 0 0 0 0 0 0 0 0 0 0 0 0 0 0
1 1 1 2 2 0 0 0 0 0 0 0 0 0 0 0 0 0 0 0
1 1 1 2 2 0 0 0 0 0 0 0 0 0 0 0 0 0 0 0
1 1 1 2 0 0 0 0 0 0 0 0 0 0 0 0 0 0 0 0
1 1 1 1 2 0 0 0 0 0 0 0 0 0 0 0 0 0 0 0
1 1 1 2 0 0 0 0 0 0 0 0 0 0 0 0 0 0 0 0
1 1 1 1 2 0 0 0 0 0 0 0 0 0 0 0 0 0 0 0
1 1 1 1 2 0 0 0 0 0 0 0 0 0 0 0 0 0 0 0
1 1 1 2 2 0 0 0 0 0 0 0 0 0 0 0 0 0 0 0
1 1 2 2 2 0 0 0 0 0 0 0 0 0 0 0 0 0 0 0
1 1 2 2 2 0 0 0 0 0 0 0 0 0 0 0 0 0 0 0
1 1 2 2 2 0 0 0 0 0 0 0 0 0 0 0 0 0 0 0
1 1 2 2 2 0 0 0 0 0 0 0 0 0 0 0 0 0 0 0
1 1 2 2 2 0 0 0 0 0 0 0 0 0 0 0 0 0 0 0
1 2 2 2 2 0 0 0 0 0 0 0 0 0 0 0 0 0 0 0
1 2 2 2 0 0 0 0 0 0 0 0 0 0 0 0 0 0 0 0
1 2 2 2 2 0 0 0 0 0 0 0 0 0 0 0 0 0 0 0
1 2 2 2 2 0 0 0 0 0 0 0 0 0 0 0 0 0 0 0
1 2 2 2 0 0 0 0 0 0 0 0 0 0 0 0 0 0 0 0
1 1 1 1 1 1 1 1 1 1 2 2 2 2 2 2 2 2 2 2
