257 189
108 44
92 96 96 96 98 96 98 92 102 98 102 92 108 108 84 90 105 95 93 99 95 91 95 107 103 101 95 83 87 97 99 1 97 103 93 95 99 91 95 1 87 87 99 1 95 1 1 1 85 91 97 83 99 1 83 1 79 1 1 1 1 1 1 1 79 79 79 1 79 1 1 1 79 1 1 1 1 1 1 1 79 79 79 1 79 1 1 1 79 1 1 1 1 1 1 1 79 79 79 1 79 1 1 1 79 1 1 1 1 1 1 1 1 1 1 1 1 1 1 1 1 1 1 1 1 1 1 1 63 1 1 1 1 1 1 1 1 1 1 1 1 1 1 1 63 1 1 1 1 1 1 1 1 1 1 1 1 1 1 1 63 1 1 1 1 1 1 1 1 1 1 1 1 1 1 1 1 1 1 1 1 1 1 1 1 1 1 1 1 1 1 1 63 1 1 1 1 1 1 1 1 1 1 1 1 1 1 1 1 1 1 1 1 1 1 1 1 1 1 1 1 1 1 1 1 1 1 1 1 1 1 1 1 1 1 1 1 1 1 1 1 1 1 1 1 1 1 1 1 1 1 1 1 1 1 1 1 
32 24 24 24 24 24 24 24 24 24 24 32 24 32 32 36 26 16 28 30 18 32 32 36 28 26 24 22 28 32 34 34 22 22 34 28 26 28 20 32 28 24 32 24 24 30 24 38 34 28 28 32 38 36 30 36 40 34 34 36 28 26 36 30 32 36 32 34 42 38 38 30 36 32 36 34 36 38 38 44 38 32 30 32 38 22 30 34 36 32 38 42 38 38 36 40 36 38 34 28 42 40 28 30 38 40 32 30 32 40 38 36 34 42 40 30 42 32 40 34 32 34 32 30 32 36 40 28 38 36 34 30 32 34 30 38 30 40 34 34 42 34 36 32 34 36 40 40 32 28 26 40 40 40 32 36 36 36 40 44 36 42 38 34 42 42 34 44 38 34 38 30 36 34 34 36 36 36 36 34 38 40 42 38 32 40 34 40 17 
1 4 7 11 13 14 15 16 17 23 24 25 30 31 32 34 36 38 43 45 47 48 49 51 52 53 54 56 58 59 64 65 66 67 68 69 70 71 73 75 77 78 81 83 85 86 90 91 93 95 97 99 101 103 105 106 107 109 113 114 115 119 120 123 125 129 130 133 134 135 138 140 141 144 146 147 148 149 152 154 155 158 160 163 165 166 176 178 179 180 186 189 0 0 0 0 0 0 0 0 0 0 0 0 0 0 0 0
1 5 8 9 12 13 15 16 17 20 24 25 27 31 33 34 37 39 40 41 43 46 49 50 52 53 55 56 57 58 59 61 62 65 67 69 70 73 80 81 82 83 84 87 89 90 93 96 97 98 99 101 104 105 106 107 110 111 112 113 114 115 120 122 124 127 128 129 131 132 134 136 138 139 142 144 146 148 150 154 156 158 159 161 163 167 171 172 173 177 180 181 183 184 187 189 0 0 0 0 0 0 0 0 0 0 0 0
1 3 8 10 11 12 13 14 15 19 22 23 24 25 27 28 29 30 31 32 33 36 37 38 39 42 43 48 49 53 56 57 61 65 69 71 74 75 76 78 80 81 82 83 87 89 90 91 92 93 94 97 100 102 105 109 110 111 112 113 117 120 121 122 124 128 131 132 134 135 137 138 139 140 141 142 143 145 150 151 152 154 155 157 158 159 161 167 168 171 173 176 177 182 184 189 0 0 0 0 0 0 0 0 0 0 0 0
1 3 4 5 7 9 10 12 14 19 21 22 23 24 25 26 28 29 32 35 36 40 41 45 52 53 54 55 56 58 59 63 64 68 69 72 74 75 76 77 82 83 85 87 88 90 91 92 94 95 96 97 98 99 106 109 111 114 115 117 120 123 124 126 127 128 129 133 134 135 137 140 143 145 146 151 152 153 155 157 158 159 162 164 166 167 168 169 170 172 174 175 178 179 184 189 0 0 0 0 0 0 0 0 0 0 0 0
1 2 3 4 11 14 15 16 17 20 23 24 28 29 30 31 32 35 37 38 40 42 43 45 47 48 50 52 53 54 56 60 64 67 68 71 74 75 77 79 80 81 83 85 88 91 92 93 94 97 100 101 102 104 105 106 108 109 111 112 114 117 120 121 122 126 128 130 132 133 139 140 141 142 145 146 148 151 156 157 158 161 164 165 167 170 171 172 173 174 175 176 179 182 184 186 187 189 0 0 0 0 0 0 0 0 0 0
1 2 3 5 7 8 9 10 11 12 14 16 18 20 21 24 27 35 37 40 41 43 44 46 47 48 49 50 51 52 56 57 58 61 62 63 64 66 69 77 80 81 82 83 84 88 90 91 94 95 97 98 99 102 103 104 105 106 107 109 110 111 114 123 125 127 130 132 136 140 141 142 144 148 150 151 152 153 156 158 161 164 166 168 170 171 174 175 176 177 178 179 181 184 186 189 0 0 0 0 0 0 0 0 0 0 0 0
1 2 7 8 9 10 12 13 14 16 17 19 22 23 24 26 28 30 31 32 34 40 43 44 46 48 49 50 52 54 55 56 57 58 59 61 62 67 68 69 70 71 72 74 77 78 80 81 85 86 89 92 93 101 102 104 105 107 113 114 115 117 118 119 124 127 128 129 134 138 139 140 141 142 143 144 147 148 152 154 155 157 158 163 166 167 168 171 174 176 178 180 181 182 183 185 188 189 0 0 0 0 0 0 0 0 0 0
1 2 4 5 12 16 18 19 20 22 23 24 27 29 31 32 34 35 36 38 40 41 45 46 47 48 49 53 55 56 57 59 61 63 64 65 66 67 68 69 70 74 75 76 78 79 80 92 94 96 98 99 100 102 105 108 110 112 113 114 116 122 125 126 129 130 131 134 138 140 141 145 146 147 148 150 153 157 161 167 169 170 171 172 173 178 180 181 182 183 188 189 0 0 0 0 0 0 0 0 0 0 0 0 0 0 0 0
1 2 5 6 8 9 12 13 14 16 18 19 22 23 24 26 27 32 33 35 37 38 39 40 41 42 43 46 51 53 58 63 64 65 66 68 69 70 72 74 76 79 80 81 84 89 91 92 94 95 96 97 101 102 103 107 110 111 112 114 115 117 118 119 120 123 125 126 129 130 131 133 136 137 138 139 143 145 146 147 149 150 152 153 155 161 162 163 165 167 169 170 175 176 177 179 180 182 183 184 188 189 0 0 0 0 0 0
1 2 4 6 7 11 12 14 15 16 23 24 28 31 32 35 37 42 43 45 47 48 49 50 52 53 54 56 57 60 64 66 67 68 71 74 75 79 81 82 83 85 88 91 92 93 94 96 97 98 100 101 102 104 105 106 108 109 111 112 114 120 121 127 129 131 134 135 136 137 138 139 143 144 147 149 150 152 153 159 160 162 163 165 166 168 169 172 174 177 178 180 181 183 184 185 188 189 0 0 0 0 0 0 0 0 0 0
1 2 3 4 5 6 8 9 10 14 15 16 18 20 21 22 27 28 29 30 31 33 35 40 42 44 46 47 49 51 53 54 56 58 59 60 63 65 67 69 70 71 73 75 76 77 78 79 85 89 92 96 97 98 99 100 101 102 105 106 111 112 115 117 119 123 124 127 130 132 133 136 141 143 144 146 147 151 153 154 156 158 159 161 162 163 164 166 167 168 170 172 173 175 178 179 181 182 186 187 188 189 0 0 0 0 0 0
1 2 3 6 7 10 11 12 15 16 19 23 29 30 31 32 36 38 39 41 43 44 45 46 47 48 49 51 54 55 56 57 58 61 64 69 70 72 73 76 77 78 80 81 84 85 87 93 94 96 98 101 103 107 111 112 113 114 115 116 117 118 119 120 121 122 123 127 132 133 138 139 145 148 152 154 156 157 160 163 166 168 169 170 173 174 176 178 179 182 183 189 0 0 0 0 0 0 0 0 0 0 0 0 0 0 0 0
1 3 5 6 9 10 11 14 15 16 17 19 21 22 23 24 25 26 27 29 30 31 33 35 36 41 42 43 46 48 50 51 53 54 55 57 58 59 60 63 64 68 70 71 72 73 74 75 76 78 80 81 83 85 86 87 90 93 94 96 100 101 102 104 112 114 116 118 119 122 125 127 128 129 131 133 137 138 139 140 141 142 146 148 152 153 154 155 156 159 160 161 163 166 168 170 171 172 175 176 177 179 181 183 185 186 187 189
1 3 4 6 7 8 11 13 15 16 20 23 24 25 30 31 33 35 37 38 43 44 45 48 49 52 53 54 56 57 59 60 61 62 63 67 70 75 76 77 78 79 80 84 85 86 88 89 90 91 92 95 96 97 98 99 101 104 105 107 110 115 116 117 118 119 120 121 122 126 127 128 133 134 136 137 143 144 146 150 152 153 155 158 159 160 162 163 165 166 167 168 169 170 173 174 175 176 177 179 180 181 183 184 186 187 188 189
1 4 5 6 12 14 15 22 25 26 32 36 37 42 47 48 49 50 51 52 53 54 55 56 58 59 60 61 62 71 78 79 85 93 94 99 108 109 110 111 112 113 115 116 117 118 119 120 121 122 123 128 139 140 143 155 156 157 159 160 161 162 163 164 165 166 167 168 169 170 174 175 176 177 178 179 180 181 182 183 184 185 186 189 0 0 0 0 0 0 0 0 0 0 0 0 0 0 0 0 0 0 0 0 0 0 0 0
1 6 7 8 9 10 14 17 19 23 25 26 27 29 31 35 36 38 41 42 43 44 45 48 53 54 58 60 61 66 70 72 73 75 78 79 82 84 87 88 90 92 93 95 96 102 104 106 107 109 111 112 118 119 120 121 122 126 127 138 139 140 141 142 143 145 147 148 152 153 155 159 160 162 163 165 166 167 168 170 174 175 176 177 179 180 182 185 188 189 0 0 0 0 0 0 0 0 0 0 0 0 0 0 0 0 0 0
1 2 3 5 6 9 10 14 15 16 17 19 20 21 22 23 24 25 26 27 28 29 30 31 33 35 36 38 40 42 44 46 47 50 52 53 54 56 57 58 63 69 70 72 73 74 75 77 79 80 81 84 87 89 90 91 92 95 96 97 98 101 109 110 111 114 115 116 117 118 121 124 125 127 129 131 134 135 136 143 144 145 147 152 153 154 155 157 159 163 164 166 169 170 171 173 175 177 179 180 183 184 186 187 188 0 0 0
1 2 3 4 5 7 8 10 11 12 14 16 20 21 24 29 30 32 33 35 36 40 41 43 44 46 48 51 52 53 54 56 59 63 64 65 66 71 73 75 79 80 81 82 83 84 86 87 89 92 93 98 101 102 104 105 106 112 113 115 116 117 123 133 135 136 138 141 142 143 146 148 149 151 152 153 155 157 158 159 161 162 166 167 168 171 172 174 179 182 184 185 186 187 188 0 0 0 0 0 0 0 0 0 0 0 0 0
1 2 5 7 8 9 12 13 14 16 19 22 23 24 26 27 32 33 34 35 37 40 43 44 48 49 55 57 58 59 60 61 64 68 71 72 73 76 77 78 79 85 88 91 92 93 94 95 96 98 102 104 108 111 112 113 115 118 120 124 125 127 130 131 132 133 135 136 138 139 140 141 143 145 150 153 154 157 158 161 162 164 165 168 171 173 174 175 176 182 185 186 188 0 0 0 0 0 0 0 0 0 0 0 0 0 0 0
1 2 4 5 6 11 12 16 17 20 22 25 26 28 35 36 37 38 40 41 46 47 48 49 50 51 53 54 56 57 59 60 63 65 67 68 73 75 76 77 79 80 81 82 83 89 90 91 94 95 96 97 98 100 101 102 107 108 109 110 112 113 115 117 124 126 127 129 130 131 133 135 136 137 139 142 145 146 147 149 153 155 156 157 159 160 162 165 166 169 170 173 178 180 181 182 183 187 188 0 0 0 0 0 0 0 0 0
1 3 5 7 9 10 11 13 14 18 20 21 23 24 25 28 29 34 36 38 39 40 43 44 47 49 51 52 53 55 56 57 60 62 63 66 68 69 70 77 79 80 81 83 85 86 88 89 90 91 93 95 97 98 99 102 103 110 111 113 114 117 118 119 120 122 125 126 127 129 130 131 133 134 135 138 140 141 147 149 151 154 156 157 160 164 169 176 177 181 183 184 185 187 188 0 0 0 0 0 0 0 0 0 0 0 0 0
1 3 4 5 6 8 11 12 13 18 20 21 22 27 28 29 30 31 33 34 35 40 42 44 46 52 55 58 59 60 63 66 67 68 69 70 72 73 75 76 79 80 82 87 94 101 103 105 106 108 109 111 112 114 116 122 125 126 127 129 130 138 139 141 142 143 145 146 149 153 154 158 160 163 164 165 167 168 170 171 172 173 174 176 178 179 183 184 186 187 188 0 0 0 0 0 0 0 0 0 0 0 0 0 0 0 0 0
1 5 6 8 12 13 14 16 17 18 19 22 23 24 26 27 32 35 37 38 39 40 41 42 46 51 58 63 64 66 68 69 70 72 74 76 79 80 81 84 89 91 92 95 96 97 101 102 103 107 108 111 112 114 115 117 118 119 120 123 125 126 129 130 131 133 136 138 139 145 146 147 149 150 152 153 155 160 161 162 163 165 167 169 170 175 176 177 179 180 182 183 184 186 188 0 0 0 0 0 0 0 0 0 0 0 0 0
1 4 5 7 9 10 12 14 15 16 17 18 19 20 22 24 25 30 32 34 37 40 41 42 43 44 46 47 48 49 54 55 57 58 59 60 63 65 67 68 69 71 72 73 74 76 79 80 82 84 86 87 88 90 93 95 98 99 100 101 104 105 106 107 108 110 111 113 114 116 117 118 119 120 121 127 129 130 131 132 134 139 140 141 144 145 147 149 151 153 154 157 159 160 161 162 163 164 165 166 168 169 171 182 184 186 187 0
1 2 3 4 6 7 10 11 12 14 15 16 23 28 31 32 34 35 37 42 43 45 47 49 50 52 53 54 56 57 60 63 64 65 66 67 68 71 74 75 79 80 84 86 87 89 90 96 98 100 101 102 104 105 106 108 109 110 112 113 115 116 117 118 119 122 123 124 125 127 129 130 131 134 135 136 137 138 139 141 142 146 148 151 154 155 156 159 160 162 163 164 165 166 168 169 172 173 175 176 182 186 187 0 0 0 0 0
1 2 3 8 9 10 12 13 15 16 20 25 26 27 29 30 31 32 35 36 37 38 39 47 48 51 53 55 56 59 62 63 64 65 66 67 68 69 71 72 73 76 78 80 83 87 89 90 94 96 97 98 99 101 103 104 106 108 109 110 113 117 119 122 124 127 129 132 134 136 138 141 143 144 145 147 149 150 151 153 154 155 156 157 160 161 162 165 167 169 171 173 175 177 179 182 183 184 186 187 188 0 0 0 0 0 0 0
1 2 4 7 11 14 15 16 17 23 24 28 29 31 32 35 37 38 42 43 45 47 48 50 52 53 54 56 57 60 64 67 68 71 74 75 79 80 81 82 83 85 88 91 92 93 94 96 97 100 101 102 104 105 106 108 109 111 112 114 117 120 121 127 129 131 134 135 136 137 138 143 144 147 149 150 152 153 154 159 160 162 163 166 168 169 172 174 177 178 180 181 183 185 188 0 0 0 0 0 0 0 0 0 0 0 0 0
1 2 6 8 9 12 14 16 17 22 25 27 30 32 33 35 37 39 42 44 46 47 48 49 51 53 55 56 57 66 69 76 77 80 81 82 85 88 92 95 98 101 102 103 104 105 106 113 114 115 116 117 121 123 125 126 132 133 136 141 142 143 147 152 153 154 155 158 160 161 163 164 166 170 171 174 176 179 181 182 186 187 188 0 0 0 0 0 0 0 0 0 0 0 0 0 0 0 0 0 0 0 0 0 0 0 0 0
1 3 4 7 8 11 13 14 15 16 23 24 25 30 32 34 36 38 43 45 48 49 52 53 54 56 58 59 64 65 66 67 68 69 70 71 73 74 75 77 78 81 83 86 90 91 93 97 99 101 103 105 106 107 109 113 114 115 119 120 125 129 130 133 134 135 138 141 146 147 148 149 152 154 155 158 160 161 163 165 166 176 178 179 180 181 186 0 0 0 0 0 0 0 0 0 0 0 0 0 0 0 0 0 0 0 0 0
1 3 6 9 10 11 14 16 17 19 20 27 29 30 33 35 36 41 42 46 48 50 51 53 54 55 60 61 62 66 67 72 73 76 79 80 82 85 86 87 89 91 92 93 94 97 98 99 101 102 105 106 107 110 111 112 115 116 117 123 125 128 133 134 136 137 139 141 142 144 145 146 147 148 150 154 156 157 159 160 161 162 163 164 165 166 167 168 171 173 181 182 183 184 185 187 188 0 0 0 0 0 0 0 0 0 0 0
1 4 6 7 8 9 10 12 14 17 19 22 23 25 26 27 29 31 32 35 36 38 41 43 44 45 48 53 54 57 58 60 61 66 70 71 72 73 75 78 79 82 84 85 87 88 90 92 93 95 96 99 102 104 106 107 109 111 112 114 118 119 120 121 122 126 127 128 138 139 140 141 142 145 147 148 152 153 155 158 159 160 162 163 165 166 167 168 170 173 174 175 176 177 179 180 182 185 188 0 0 0 0 0 0 0 0 0
1 0 0 0 0 0 0 0 0 0 0 0 0 0 0 0 0 0 0 0 0 0 0 0 0 0 0 0 0 0 0 0 0 0 0 0 0 0 0 0 0 0 0 0 0 0 0 0 0 0 0 0 0 0 0 0 0 0 0 0 0 0 0 0 0 0 0 0 0 0 0 0 0 0 0 0 0 0 0 0 0 0 0 0 0 0 0 0 0 0 0 0 0 0 0 0 0 0 0 0 0 0 0 0 0 0 0 0
2 3 4 5 6 9 11 12 14 17 18 20 22 23 24 27 30 31 32 33 34 38 40 42 45 49 50 51 53 54 56 57 59 60 62 63 64 65 68 69 70 73 74 75 78 81 82 85 86 87 89 91 93 96 97 100 101 106 107 108 109 111 113 114 117 122 123 126 128 129 130 133 136 137 138 139 140 142 144 154 156 158 159 160 162 163 164 165 166 168 169 170 172 178 180 185 187 0 0 0 0 0 0 0 0 0 0 0
2 3 4 9 10 12 15 17 19 20 21 23 24 27 28 29 30 31 32 33 37 38 40 44 45 46 48 49 55 57 59 60 61 62 63 69 70 72 73 74 75 77 78 80 81 84 85 87 88 89 90 91 92 93 94 95 96 97 98 99 101 102 108 112 113 114 116 119 120 122 123 124 125 127 128 129 131 134 136 139 140 144 147 152 153 154 156 160 161 165 167 168 171 173 174 176 178 181 182 184 185 187 188 0 0 0 0 0
2 3 5 7 8 13 15 16 18 20 21 22 24 28 30 31 33 40 41 43 44 45 46 47 48 50 52 53 56 57 60 61 63 66 69 74 77 81 82 88 89 91 93 98 101 102 104 106 107 110 112 114 115 116 117 119 120 124 125 126 129 131 132 134 135 136 138 139 140 141 142 144 148 149 154 157 160 162 164 165 168 169 171 173 174 176 178 182 183 184 185 186 187 0 0 0 0 0 0 0 0 0 0 0 0 0 0 0
2 3 6 7 8 10 11 12 15 16 19 20 21 22 24 25 26 29 30 31 32 34 36 40 41 42 44 46 47 49 50 54 55 57 59 68 71 74 75 76 78 80 81 84 85 89 90 91 92 95 99 102 103 105 108 110 112 115 116 118 121 122 124 127 129 130 131 133 137 139 140 145 148 149 150 153 155 158 159 161 162 163 164 165 167 171 172 178 179 182 183 185 186 187 188 0 0 0 0 0 0 0 0 0 0 0 0 0
2 4 5 7 8 13 15 16 19 20 21 22 23 27 28 31 37 38 39 40 41 43 45 47 48 49 51 52 54 58 62 65 66 67 71 73 74 75 76 77 78 80 82 88 89 91 92 95 101 103 104 105 108 110 113 114 115 119 120 122 123 126 127 128 132 133 135 136 137 138 140 141 144 146 147 150 152 154 156 158 159 160 161 162 164 165 166 168 170 171 172 173 174 177 178 182 183 186 187 0 0 0 0 0 0 0 0 0
2 4 6 7 8 13 15 16 19 22 23 24 25 27 30 33 34 35 36 38 39 44 45 47 48 52 54 60 61 63 64 66 67 68 69 76 77 78 79 81 82 83 84 91 92 93 94 96 97 98 101 106 108 110 111 115 116 118 119 120 121 123 125 127 129 130 132 136 140 143 145 146 148 152 156 157 158 160 162 163 164 165 166 167 169 171 172 175 177 184 186 0 0 0 0 0 0 0 0 0 0 0 0 0 0 0 0 0
2 5 6 12 13 14 15 20 22 24 26 28 30 31 32 34 35 40 41 45 46 50 52 57 60 63 64 66 69 70 71 75 76 78 79 80 82 85 86 87 89 93 94 96 98 99 100 102 103 105 106 107 108 110 112 114 117 119 120 123 125 126 127 131 132 134 136 137 138 139 140 141 142 144 148 152 153 154 156 157 159 162 163 169 170 173 175 176 179 181 182 183 186 187 188 0 0 0 0 0 0 0 0 0 0 0 0 0
2 0 0 0 0 0 0 0 0 0 0 0 0 0 0 0 0 0 0 0 0 0 0 0 0 0 0 0 0 0 0 0 0 0 0 0 0 0 0 0 0 0 0 0 0 0 0 0 0 0 0 0 0 0 0 0 0 0 0 0 0 0 0 0 0 0 0 0 0 0 0 0 0 0 0 0 0 0 0 0 0 0 0 0 0 0 0 0 0 0 0 0 0 0 0 0 0 0 0 0 0 0 0 0 0 0 0 0
3 4 5 9 10 12 15 17 18 20 21 28 29 31 32 39 40 45 48 54 55 57 58 59 60 62 63 65 67 70 71 73 75 78 79 80 81 88 89 98 101 102 105 106 107 108 109 110 111 115 117 118 120 122 123 126 127 130 131 142 144 146 148 151 152 155 156 157 158 163 164 165 166 169 170 177 178 179 180 181 182 183 184 185 186 187 188 0 0 0 0 0 0 0 0 0 0 0 0 0 0 0 0 0 0 0 0 0
3 4 6 9 11 13 15 17 19 24 26 28 30 35 37 39 41 42 44 54 56 58 60 65 66 69 70 73 74 76 79 80 81 84 85 88 89 91 94 95 96 99 100 104 105 106 107 110 113 114 117 118 119 124 125 126 127 131 132 134 135 137 138 142 143 147 148 150 151 153 154 157 160 161 162 165 166 170 171 174 175 179 180 183 184 185 188 0 0 0 0 0 0 0 0 0 0 0 0 0 0 0 0 0 0 0 0 0
3 5 6 10 11 14 15 18 19 20 22 24 25 29 30 31 33 35 36 40 41 42 43 46 48 55 56 58 59 62 64 65 66 68 69 72 75 76 77 80 81 83 84 87 90 91 92 95 96 98 99 102 104 106 107 108 109 110 113 116 117 119 121 126 127 129 130 131 132 133 134 137 139 142 143 145 146 147 148 149 150 153 155 158 159 161 162 163 164 165 166 167 168 169 172 173 176 186 187 0 0 0 0 0 0 0 0 0
3 0 0 0 0 0 0 0 0 0 0 0 0 0 0 0 0 0 0 0 0 0 0 0 0 0 0 0 0 0 0 0 0 0 0 0 0 0 0 0 0 0 0 0 0 0 0 0 0 0 0 0 0 0 0 0 0 0 0 0 0 0 0 0 0 0 0 0 0 0 0 0 0 0 0 0 0 0 0 0 0 0 0 0 0 0 0 0 0 0 0 0 0 0 0 0 0 0 0 0 0 0 0 0 0 0 0 0
4 5 6 12 13 14 15 21 22 25 26 32 33 36 37 43 44 45 46 49 50 51 52 53 54 55 56 57 58 63 64 65 67 69 70 73 75 77 78 80 82 84 85 88 90 92 93 95 97 99 100 103 105 106 109 110 112 114 117 118 120 123 124 126 128 130 131 134 135 138 140 141 143 145 148 149 152 153 155 158 160 162 163 166 167 169 171 173 175 177 180 181 184 186 188 0 0 0 0 0 0 0 0 0 0 0 0 0
4 0 0 0 0 0 0 0 0 0 0 0 0 0 0 0 0 0 0 0 0 0 0 0 0 0 0 0 0 0 0 0 0 0 0 0 0 0 0 0 0 0 0 0 0 0 0 0 0 0 0 0 0 0 0 0 0 0 0 0 0 0 0 0 0 0 0 0 0 0 0 0 0 0 0 0 0 0 0 0 0 0 0 0 0 0 0 0 0 0 0 0 0 0 0 0 0 0 0 0 0 0 0 0 0 0 0 0
5 0 0 0 0 0 0 0 0 0 0 0 0 0 0 0 0 0 0 0 0 0 0 0 0 0 0 0 0 0 0 0 0 0 0 0 0 0 0 0 0 0 0 0 0 0 0 0 0 0 0 0 0 0 0 0 0 0 0 0 0 0 0 0 0 0 0 0 0 0 0 0 0 0 0 0 0 0 0 0 0 0 0 0 0 0 0 0 0 0 0 0 0 0 0 0 0 0 0 0 0 0 0 0 0 0 0 0
6 0 0 0 0 0 0 0 0 0 0 0 0 0 0 0 0 0 0 0 0 0 0 0 0 0 0 0 0 0 0 0 0 0 0 0 0 0 0 0 0 0 0 0 0 0 0 0 0 0 0 0 0 0 0 0 0 0 0 0 0 0 0 0 0 0 0 0 0 0 0 0 0 0 0 0 0 0 0 0 0 0 0 0 0 0 0 0 0 0 0 0 0 0 0 0 0 0 0 0 0 0 0 0 0 0 0 0
8 9 12 13 15 16 17 20 23 24 25 29 30 31 32 34 36 38 39 40 41 43 46 52 54 55 56 59 62 70 71 72 75 77 79 80 81 82 83 84 85 88 91 92 94 95 96 98 101 103 104 106 109 116 117 119 120 122 124 126 127 130 132 137 138 141 144 146 147 150 151 153 156 159 160 166 168 169 172 174 179 181 185 186 187 0 0 0 0 0 0 0 0 0 0 0 0 0 0 0 0 0 0 0 0 0 0 0
8 9 10 11 12 13 15 16 19 22 26 29 30 34 35 38 40 43 48 49 55 57 63 65 67 70 71 72 73 76 78 81 82 85 86 87 88 93 94 95 96 98 101 103 105 107 109 110 111 113 117 119 123 124 125 126 127 128 130 136 137 138 140 141 143 147 148 149 151 153 154 157 159 160 161 162 164 165 167 168 169 170 172 174 175 176 180 181 182 184 186 0 0 0 0 0 0 0 0 0 0 0 0 0 0 0 0 0
7 11 13 14 15 16 17 20 23 24 25 29 30 31 32 34 36 38 39 40 41 43 46 49 51 52 55 58 59 60 61 62 63 66 67 68 69 70 71 72 74 76 79 81 83 85 86 87 88 89 92 93 94 95 96 99 100 102 105 106 109 110 111 119 121 123 124 126 128 129 132 135 136 141 142 147 148 149 150 155 156 157 158 166 168 170 171 174 175 176 177 178 179 182 185 186 188 0 0 0 0 0 0 0 0 0 0 0
7 10 12 16 19 22 26 29 30 34 35 38 40 43 48 51 53 59 61 65 66 68 69 70 71 76 79 91 92 93 94 96 97 100 101 102 103 104 105 112 114 115 116 119 123 124 125 126 129 133 134 136 137 138 139 142 143 145 146 147 148 149 152 153 154 155 156 157 158 159 162 163 164 168 169 173 177 178 179 181 182 184 186 0 0 0 0 0 0 0 0 0 0 0 0 0 0 0 0 0 0 0 0 0 0 0 0 0
7 14 15 17 19 20 22 23 24 25 26 31 32 35 36 39 41 46 48 50 52 53 56 57 60 62 64 65 67 68 69 70 71 72 74 76 77 78 79 80 81 82 83 84 85 87 89 90 91 92 94 95 97 99 101 102 105 107 108 110 114 118 122 128 129 130 131 133 134 135 140 141 142 143 144 145 148 153 156 159 162 163 164 165 167 168 172 174 175 177 180 181 182 183 184 185 186 187 188 0 0 0 0 0 0 0 0 0
7 0 0 0 0 0 0 0 0 0 0 0 0 0 0 0 0 0 0 0 0 0 0 0 0 0 0 0 0 0 0 0 0 0 0 0 0 0 0 0 0 0 0 0 0 0 0 0 0 0 0 0 0 0 0 0 0 0 0 0 0 0 0 0 0 0 0 0 0 0 0 0 0 0 0 0 0 0 0 0 0 0 0 0 0 0 0 0 0 0 0 0 0 0 0 0 0 0 0 0 0 0 0 0 0 0 0 0
8 12 13 17 19 20 22 23 24 25 26 31 32 35 36 39 41 46 48 50 52 54 55 57 60 61 63 66 67 69 70 72 73 77 78 80 85 88 89 90 91 92 93 96 97 98 99 111 115 119 123 126 127 128 130 131 132 133 137 143 144 145 147 151 152 154 156 157 159 160 164 165 166 168 169 173 175 178 180 183 184 187 188 0 0 0 0 0 0 0 0 0 0 0 0 0 0 0 0 0 0 0 0 0 0 0 0 0
8 0 0 0 0 0 0 0 0 0 0 0 0 0 0 0 0 0 0 0 0 0 0 0 0 0 0 0 0 0 0 0 0 0 0 0 0 0 0 0 0 0 0 0 0 0 0 0 0 0 0 0 0 0 0 0 0 0 0 0 0 0 0 0 0 0 0 0 0 0 0 0 0 0 0 0 0 0 0 0 0 0 0 0 0 0 0 0 0 0 0 0 0 0 0 0 0 0 0 0 0 0 0 0 0 0 0 0
9 10 11 12 13 14 15 49 50 51 52 53 54 55 56 65 66 68 71 72 75 77 78 80 82 83 85 87 89 92 94 96 97 98 99 102 103 108 109 114 115 116 117 122 123 124 125 126 127 129 132 133 136 138 139 142 144 145 147 149 151 154 156 159 160 161 162 165 166 171 172 173 174 175 176 181 182 183 184 0 0 0 0 0 0 0 0 0 0 0 0 0 0 0 0 0 0 0 0 0 0 0 0 0 0 0 0 0
9 0 0 0 0 0 0 0 0 0 0 0 0 0 0 0 0 0 0 0 0 0 0 0 0 0 0 0 0 0 0 0 0 0 0 0 0 0 0 0 0 0 0 0 0 0 0 0 0 0 0 0 0 0 0 0 0 0 0 0 0 0 0 0 0 0 0 0 0 0 0 0 0 0 0 0 0 0 0 0 0 0 0 0 0 0 0 0 0 0 0 0 0 0 0 0 0 0 0 0 0 0 0 0 0 0 0 0
10 0 0 0 0 0 0 0 0 0 0 0 0 0 0 0 0 0 0 0 0 0 0 0 0 0 0 0 0 0 0 0 0 0 0 0 0 0 0 0 0 0 0 0 0 0 0 0 0 0 0 0 0 0 0 0 0 0 0 0 0 0 0 0 0 0 0 0 0 0 0 0 0 0 0 0 0 0 0 0 0 0 0 0 0 0 0 0 0 0 0 0 0 0 0 0 0 0 0 0 0 0 0 0 0 0 0 0
11 0 0 0 0 0 0 0 0 0 0 0 0 0 0 0 0 0 0 0 0 0 0 0 0 0 0 0 0 0 0 0 0 0 0 0 0 0 0 0 0 0 0 0 0 0 0 0 0 0 0 0 0 0 0 0 0 0 0 0 0 0 0 0 0 0 0 0 0 0 0 0 0 0 0 0 0 0 0 0 0 0 0 0 0 0 0 0 0 0 0 0 0 0 0 0 0 0 0 0 0 0 0 0 0 0 0 0
12 0 0 0 0 0 0 0 0 0 0 0 0 0 0 0 0 0 0 0 0 0 0 0 0 0 0 0 0 0 0 0 0 0 0 0 0 0 0 0 0 0 0 0 0 0 0 0 0 0 0 0 0 0 0 0 0 0 0 0 0 0 0 0 0 0 0 0 0 0 0 0 0 0 0 0 0 0 0 0 0 0 0 0 0 0 0 0 0 0 0 0 0 0 0 0 0 0 0 0 0 0 0 0 0 0 0 0
13 0 0 0 0 0 0 0 0 0 0 0 0 0 0 0 0 0 0 0 0 0 0 0 0 0 0 0 0 0 0 0 0 0 0 0 0 0 0 0 0 0 0 0 0 0 0 0 0 0 0 0 0 0 0 0 0 0 0 0 0 0 0 0 0 0 0 0 0 0 0 0 0 0 0 0 0 0 0 0 0 0 0 0 0 0 0 0 0 0 0 0 0 0 0 0 0 0 0 0 0 0 0 0 0 0 0 0
14 0 0 0 0 0 0 0 0 0 0 0 0 0 0 0 0 0 0 0 0 0 0 0 0 0 0 0 0 0 0 0 0 0 0 0 0 0 0 0 0 0 0 0 0 0 0 0 0 0 0 0 0 0 0 0 0 0 0 0 0 0 0 0 0 0 0 0 0 0 0 0 0 0 0 0 0 0 0 0 0 0 0 0 0 0 0 0 0 0 0 0 0 0 0 0 0 0 0 0 0 0 0 0 0 0 0 0
15 0 0 0 0 0 0 0 0 0 0 0 0 0 0 0 0 0 0 0 0 0 0 0 0 0 0 0 0 0 0 0 0 0 0 0 0 0 0 0 0 0 0 0 0 0 0 0 0 0 0 0 0 0 0 0 0 0 0 0 0 0 0 0 0 0 0 0 0 0 0 0 0 0 0 0 0 0 0 0 0 0 0 0 0 0 0 0 0 0 0 0 0 0 0 0 0 0 0 0 0 0 0 0 0 0 0 0
16 17 18 20 21 23 26 50 51 53 56 57 60 62 63 65 66 69 70 73 74 77 78 83 84 85 86 91 92 93 94 98 99 100 101 106 107 108 109 110 113 114 117 118 121 122 125 126 128 130 132 134 136 138 140 141 143 145 147 150 152 154 156 158 160 162 164 165 167 169 171 173 175 177 179 181 183 185 187 0 0 0 0 0 0 0 0 0 0 0 0 0 0 0 0 0 0 0 0 0 0 0 0 0 0 0 0 0
16 17 19 20 22 24 26 49 51 53 55 57 59 61 63 68 69 70 71 76 77 78 79 83 84 85 86 87 88 89 90 98 99 100 101 102 103 104 105 110 111 112 113 118 119 120 121 127 128 131 132 135 136 139 140 142 143 146 147 149 152 153 156 157 160 161 164 166 167 170 171 173 174 177 178 181 182 185 186 0 0 0 0 0 0 0 0 0 0 0 0 0 0 0 0 0 0 0 0 0 0 0 0 0 0 0 0 0
16 18 19 21 22 25 26 49 50 53 54 57 58 61 62 68 69 70 71 72 73 74 75 80 82 83 85 88 90 91 93 95 97 98 100 103 105 106 108 114 115 116 117 118 119 120 121 127 128 129 130 135 136 137 138 142 144 145 147 149 151 154 156 157 159 162 164 166 168 169 171 175 176 177 178 183 184 185 186 0 0 0 0 0 0 0 0 0 0 0 0 0 0 0 0 0 0 0 0 0 0 0 0 0 0 0 0 0
16 0 0 0 0 0 0 0 0 0 0 0 0 0 0 0 0 0 0 0 0 0 0 0 0 0 0 0 0 0 0 0 0 0 0 0 0 0 0 0 0 0 0 0 0 0 0 0 0 0 0 0 0 0 0 0 0 0 0 0 0 0 0 0 0 0 0 0 0 0 0 0 0 0 0 0 0 0 0 0 0 0 0 0 0 0 0 0 0 0 0 0 0 0 0 0 0 0 0 0 0 0 0 0 0 0 0 0
17 18 19 23 24 25 26 49 50 51 52 57 58 59 60 65 67 69 71 72 74 76 78 80 81 84 85 87 90 91 94 95 96 99 100 102 105 106 109 110 112 114 116 119 121 123 125 129 130 131 132 133 134 135 136 141 142 145 146 151 152 155 156 157 158 161 162 167 168 171 172 177 178 179 180 181 182 183 184 0 0 0 0 0 0 0 0 0 0 0 0 0 0 0 0 0 0 0 0 0 0 0 0 0 0 0 0 0
17 0 0 0 0 0 0 0 0 0 0 0 0 0 0 0 0 0 0 0 0 0 0 0 0 0 0 0 0 0 0 0 0 0 0 0 0 0 0 0 0 0 0 0 0 0 0 0 0 0 0 0 0 0 0 0 0 0 0 0 0 0 0 0 0 0 0 0 0 0 0 0 0 0 0 0 0 0 0 0 0 0 0 0 0 0 0 0 0 0 0 0 0 0 0 0 0 0 0 0 0 0 0 0 0 0 0 0
18 0 0 0 0 0 0 0 0 0 0 0 0 0 0 0 0 0 0 0 0 0 0 0 0 0 0 0 0 0 0 0 0 0 0 0 0 0 0 0 0 0 0 0 0 0 0 0 0 0 0 0 0 0 0 0 0 0 0 0 0 0 0 0 0 0 0 0 0 0 0 0 0 0 0 0 0 0 0 0 0 0 0 0 0 0 0 0 0 0 0 0 0 0 0 0 0 0 0 0 0 0 0 0 0 0 0 0
19 0 0 0 0 0 0 0 0 0 0 0 0 0 0 0 0 0 0 0 0 0 0 0 0 0 0 0 0 0 0 0 0 0 0 0 0 0 0 0 0 0 0 0 0 0 0 0 0 0 0 0 0 0 0 0 0 0 0 0 0 0 0 0 0 0 0 0 0 0 0 0 0 0 0 0 0 0 0 0 0 0 0 0 0 0 0 0 0 0 0 0 0 0 0 0 0 0 0 0 0 0 0 0 0 0 0 0
20 21 22 23 24 25 26 57 58 59 60 61 62 63 64 66 67 70 71 74 75 78 79 81 82 83 84 89 90 91 92 96 97 98 99 104 105 106 107 110 111 114 115 118 119 122 123 126 128 130 132 133 135 137 139 141 143 146 148 149 151 154 156 158 160 161 163 166 168 169 171 174 176 178 180 181 183 185 187 0 0 0 0 0 0 0 0 0 0 0 0 0 0 0 0 0 0 0 0 0 0 0 0 0 0 0 0 0
20 0 0 0 0 0 0 0 0 0 0 0 0 0 0 0 0 0 0 0 0 0 0 0 0 0 0 0 0 0 0 0 0 0 0 0 0 0 0 0 0 0 0 0 0 0 0 0 0 0 0 0 0 0 0 0 0 0 0 0 0 0 0 0 0 0 0 0 0 0 0 0 0 0 0 0 0 0 0 0 0 0 0 0 0 0 0 0 0 0 0 0 0 0 0 0 0 0 0 0 0 0 0 0 0 0 0 0
21 0 0 0 0 0 0 0 0 0 0 0 0 0 0 0 0 0 0 0 0 0 0 0 0 0 0 0 0 0 0 0 0 0 0 0 0 0 0 0 0 0 0 0 0 0 0 0 0 0 0 0 0 0 0 0 0 0 0 0 0 0 0 0 0 0 0 0 0 0 0 0 0 0 0 0 0 0 0 0 0 0 0 0 0 0 0 0 0 0 0 0 0 0 0 0 0 0 0 0 0 0 0 0 0 0 0 0
22 0 0 0 0 0 0 0 0 0 0 0 0 0 0 0 0 0 0 0 0 0 0 0 0 0 0 0 0 0 0 0 0 0 0 0 0 0 0 0 0 0 0 0 0 0 0 0 0 0 0 0 0 0 0 0 0 0 0 0 0 0 0 0 0 0 0 0 0 0 0 0 0 0 0 0 0 0 0 0 0 0 0 0 0 0 0 0 0 0 0 0 0 0 0 0 0 0 0 0 0 0 0 0 0 0 0 0
23 0 0 0 0 0 0 0 0 0 0 0 0 0 0 0 0 0 0 0 0 0 0 0 0 0 0 0 0 0 0 0 0 0 0 0 0 0 0 0 0 0 0 0 0 0 0 0 0 0 0 0 0 0 0 0 0 0 0 0 0 0 0 0 0 0 0 0 0 0 0 0 0 0 0 0 0 0 0 0 0 0 0 0 0 0 0 0 0 0 0 0 0 0 0 0 0 0 0 0 0 0 0 0 0 0 0 0
24 0 0 0 0 0 0 0 0 0 0 0 0 0 0 0 0 0 0 0 0 0 0 0 0 0 0 0 0 0 0 0 0 0 0 0 0 0 0 0 0 0 0 0 0 0 0 0 0 0 0 0 0 0 0 0 0 0 0 0 0 0 0 0 0 0 0 0 0 0 0 0 0 0 0 0 0 0 0 0 0 0 0 0 0 0 0 0 0 0 0 0 0 0 0 0 0 0 0 0 0 0 0 0 0 0 0 0
25 0 0 0 0 0 0 0 0 0 0 0 0 0 0 0 0 0 0 0 0 0 0 0 0 0 0 0 0 0 0 0 0 0 0 0 0 0 0 0 0 0 0 0 0 0 0 0 0 0 0 0 0 0 0 0 0 0 0 0 0 0 0 0 0 0 0 0 0 0 0 0 0 0 0 0 0 0 0 0 0 0 0 0 0 0 0 0 0 0 0 0 0 0 0 0 0 0 0 0 0 0 0 0 0 0 0 0
26 0 0 0 0 0 0 0 0 0 0 0 0 0 0 0 0 0 0 0 0 0 0 0 0 0 0 0 0 0 0 0 0 0 0 0 0 0 0 0 0 0 0 0 0 0 0 0 0 0 0 0 0 0 0 0 0 0 0 0 0 0 0 0 0 0 0 0 0 0 0 0 0 0 0 0 0 0 0 0 0 0 0 0 0 0 0 0 0 0 0 0 0 0 0 0 0 0 0 0 0 0 0 0 0 0 0 0
27 28 29 31 32 34 37 49 52 54 55 58 59 61 64 66 67 70 71 72 73 76 77 80 82 83 85 87 89 92 94 96 97 100 101 102 103 106 107 110 112 115 117 119 121 122 124 129 130 131 132 137 138 139 140 145 146 147 148 149 150 151 152 157 158 159 160 165 166 167 168 177 178 179 180 181 182 183 184 0 0 0 0 0 0 0 0 0 0 0 0 0 0 0 0 0 0 0 0 0 0 0 0 0 0 0 0 0
27 28 30 31 33 35 37 50 52 54 56 58 60 62 64 65 66 68 71 72 75 77 78 80 81 83 86 88 89 91 94 95 96 98 101 102 105 107 108 110 113 115 116 118 121 123 124 129 130 131 132 133 134 135 136 141 143 146 148 149 151 154 156 157 158 159 160 169 170 171 172 173 175 178 180 181 183 186 188 0 0 0 0 0 0 0 0 0 0 0 0 0 0 0 0 0 0 0 0 0 0 0 0 0 0 0 0 0
27 29 30 32 33 36 37 49 50 53 54 57 58 61 62 65 67 69 71 73 75 77 79 87 88 89 90 91 92 93 94 95 97 99 101 103 105 107 109 110 111 112 113 114 115 116 117 126 128 129 131 134 136 137 139 141 142 147 148 151 152 153 154 158 160 161 163 166 168 169 171 173 174 179 180 183 184 185 186 0 0 0 0 0 0 0 0 0 0 0 0 0 0 0 0 0 0 0 0 0 0 0 0 0 0 0 0 0
27 0 0 0 0 0 0 0 0 0 0 0 0 0 0 0 0 0 0 0 0 0 0 0 0 0 0 0 0 0 0 0 0 0 0 0 0 0 0 0 0 0 0 0 0 0 0 0 0 0 0 0 0 0 0 0 0 0 0 0 0 0 0 0 0 0 0 0 0 0 0 0 0 0 0 0 0 0 0 0 0 0 0 0 0 0 0 0 0 0 0 0 0 0 0 0 0 0 0 0 0 0 0 0 0 0 0 0
28 29 30 34 35 36 37 49 50 51 52 57 58 59 60 65 66 69 70 73 74 77 78 80 82 84 86 88 90 92 94 95 96 99 100 103 104 107 108 111 113 115 117 119 121 123 125 126 127 130 131 133 136 137 140 141 143 146 148 150 152 153 155 158 159 162 163 165 168 169 172 174 176 177 179 181 183 186 188 0 0 0 0 0 0 0 0 0 0 0 0 0 0 0 0 0 0 0 0 0 0 0 0 0 0 0 0 0
28 0 0 0 0 0 0 0 0 0 0 0 0 0 0 0 0 0 0 0 0 0 0 0 0 0 0 0 0 0 0 0 0 0 0 0 0 0 0 0 0 0 0 0 0 0 0 0 0 0 0 0 0 0 0 0 0 0 0 0 0 0 0 0 0 0 0 0 0 0 0 0 0 0 0 0 0 0 0 0 0 0 0 0 0 0 0 0 0 0 0 0 0 0 0 0 0 0 0 0 0 0 0 0 0 0 0 0
29 0 0 0 0 0 0 0 0 0 0 0 0 0 0 0 0 0 0 0 0 0 0 0 0 0 0 0 0 0 0 0 0 0 0 0 0 0 0 0 0 0 0 0 0 0 0 0 0 0 0 0 0 0 0 0 0 0 0 0 0 0 0 0 0 0 0 0 0 0 0 0 0 0 0 0 0 0 0 0 0 0 0 0 0 0 0 0 0 0 0 0 0 0 0 0 0 0 0 0 0 0 0 0 0 0 0 0
30 0 0 0 0 0 0 0 0 0 0 0 0 0 0 0 0 0 0 0 0 0 0 0 0 0 0 0 0 0 0 0 0 0 0 0 0 0 0 0 0 0 0 0 0 0 0 0 0 0 0 0 0 0 0 0 0 0 0 0 0 0 0 0 0 0 0 0 0 0 0 0 0 0 0 0 0 0 0 0 0 0 0 0 0 0 0 0 0 0 0 0 0 0 0 0 0 0 0 0 0 0 0 0 0 0 0 0
31 32 33 34 35 36 37 57 58 59 60 61 62 63 64 65 66 68 71 73 74 76 79 80 81 84 85 88 89 92 93 95 96 98 101 103 104 106 109 110 113 114 117 118 121 122 125 127 128 129 130 135 136 137 138 143 144 147 148 149 150 153 154 159 160 161 162 167 168 169 170 173 174 177 178 183 184 187 188 0 0 0 0 0 0 0 0 0 0 0 0 0 0 0 0 0 0 0 0 0 0 0 0 0 0 0 0 0
31 0 0 0 0 0 0 0 0 0 0 0 0 0 0 0 0 0 0 0 0 0 0 0 0 0 0 0 0 0 0 0 0 0 0 0 0 0 0 0 0 0 0 0 0 0 0 0 0 0 0 0 0 0 0 0 0 0 0 0 0 0 0 0 0 0 0 0 0 0 0 0 0 0 0 0 0 0 0 0 0 0 0 0 0 0 0 0 0 0 0 0 0 0 0 0 0 0 0 0 0 0 0 0 0 0 0 0
32 0 0 0 0 0 0 0 0 0 0 0 0 0 0 0 0 0 0 0 0 0 0 0 0 0 0 0 0 0 0 0 0 0 0 0 0 0 0 0 0 0 0 0 0 0 0 0 0 0 0 0 0 0 0 0 0 0 0 0 0 0 0 0 0 0 0 0 0 0 0 0 0 0 0 0 0 0 0 0 0 0 0 0 0 0 0 0 0 0 0 0 0 0 0 0 0 0 0 0 0 0 0 0 0 0 0 0
33 0 0 0 0 0 0 0 0 0 0 0 0 0 0 0 0 0 0 0 0 0 0 0 0 0 0 0 0 0 0 0 0 0 0 0 0 0 0 0 0 0 0 0 0 0 0 0 0 0 0 0 0 0 0 0 0 0 0 0 0 0 0 0 0 0 0 0 0 0 0 0 0 0 0 0 0 0 0 0 0 0 0 0 0 0 0 0 0 0 0 0 0 0 0 0 0 0 0 0 0 0 0 0 0 0 0 0
34 0 0 0 0 0 0 0 0 0 0 0 0 0 0 0 0 0 0 0 0 0 0 0 0 0 0 0 0 0 0 0 0 0 0 0 0 0 0 0 0 0 0 0 0 0 0 0 0 0 0 0 0 0 0 0 0 0 0 0 0 0 0 0 0 0 0 0 0 0 0 0 0 0 0 0 0 0 0 0 0 0 0 0 0 0 0 0 0 0 0 0 0 0 0 0 0 0 0 0 0 0 0 0 0 0 0 0
35 0 0 0 0 0 0 0 0 0 0 0 0 0 0 0 0 0 0 0 0 0 0 0 0 0 0 0 0 0 0 0 0 0 0 0 0 0 0 0 0 0 0 0 0 0 0 0 0 0 0 0 0 0 0 0 0 0 0 0 0 0 0 0 0 0 0 0 0 0 0 0 0 0 0 0 0 0 0 0 0 0 0 0 0 0 0 0 0 0 0 0 0 0 0 0 0 0 0 0 0 0 0 0 0 0 0 0
36 0 0 0 0 0 0 0 0 0 0 0 0 0 0 0 0 0 0 0 0 0 0 0 0 0 0 0 0 0 0 0 0 0 0 0 0 0 0 0 0 0 0 0 0 0 0 0 0 0 0 0 0 0 0 0 0 0 0 0 0 0 0 0 0 0 0 0 0 0 0 0 0 0 0 0 0 0 0 0 0 0 0 0 0 0 0 0 0 0 0 0 0 0 0 0 0 0 0 0 0 0 0 0 0 0 0 0
37 0 0 0 0 0 0 0 0 0 0 0 0 0 0 0 0 0 0 0 0 0 0 0 0 0 0 0 0 0 0 0 0 0 0 0 0 0 0 0 0 0 0 0 0 0 0 0 0 0 0 0 0 0 0 0 0 0 0 0 0 0 0 0 0 0 0 0 0 0 0 0 0 0 0 0 0 0 0 0 0 0 0 0 0 0 0 0 0 0 0 0 0 0 0 0 0 0 0 0 0 0 0 0 0 0 0 0
38 39 40 42 43 45 48 50 51 53 56 57 60 62 63 66 67 68 69 72 73 78 79 81 82 83 84 87 88 93 94 95 97 99 101 102 104 106 108 111 113 115 117 118 120 122 124 126 128 129 131 133 135 138 140 141 143 146 148 150 152 153 155 157 159 162 164 165 167 170 172 173 175 178 180 181 183 186 188 0 0 0 0 0 0 0 0 0 0 0 0 0 0 0 0 0 0 0 0 0 0 0 0 0 0 0 0 0
38 39 41 42 44 46 48 49 51 53 55 57 59 61 63 65 66 69 70 73 74 77 78 80 81 84 85 88 89 92 93 95 96 99 100 102 105 106 109 111 112 115 116 118 121 122 125 126 127 129 132 134 135 137 140 141 144 146 147 149 152 154 155 159 160 161 162 165 166 171 172 175 176 177 178 181 182 187 188 0 0 0 0 0 0 0 0 0 0 0 0 0 0 0 0 0 0 0 0 0 0 0 0 0 0 0 0 0
38 40 41 43 44 47 48 51 52 55 56 59 60 63 64 68 69 70 71 76 77 78 79 83 84 85 86 91 92 93 94 95 97 98 100 102 104 107 109 110 112 115 117 119 121 122 124 133 134 135 136 137 138 139 140 141 142 143 144 145 146 147 148 157 160 161 164 165 168 169 172 173 176 177 180 181 184 185 188 0 0 0 0 0 0 0 0 0 0 0 0 0 0 0 0 0 0 0 0 0 0 0 0 0 0 0 0 0
38 0 0 0 0 0 0 0 0 0 0 0 0 0 0 0 0 0 0 0 0 0 0 0 0 0 0 0 0 0 0 0 0 0 0 0 0 0 0 0 0 0 0 0 0 0 0 0 0 0 0 0 0 0 0 0 0 0 0 0 0 0 0 0 0 0 0 0 0 0 0 0 0 0 0 0 0 0 0 0 0 0 0 0 0 0 0 0 0 0 0 0 0 0 0 0 0 0 0 0 0 0 0 0 0 0 0 0
39 40 41 45 46 47 48 53 54 55 56 61 62 63 64 72 73 74 75 76 77 78 79 87 88 89 90 91 92 93 94 96 97 100 101 102 103 106 107 110 111 114 115 120 121 124 125 126 128 130 132 134 136 138 140 142 144 146 148 150 152 154 156 157 160 162 163 165 168 170 171 174 175 177 180 182 183 185 188 0 0 0 0 0 0 0 0 0 0 0 0 0 0 0 0 0 0 0 0 0 0 0 0 0 0 0 0 0
39 0 0 0 0 0 0 0 0 0 0 0 0 0 0 0 0 0 0 0 0 0 0 0 0 0 0 0 0 0 0 0 0 0 0 0 0 0 0 0 0 0 0 0 0 0 0 0 0 0 0 0 0 0 0 0 0 0 0 0 0 0 0 0 0 0 0 0 0 0 0 0 0 0 0 0 0 0 0 0 0 0 0 0 0 0 0 0 0 0 0 0 0 0 0 0 0 0 0 0 0 0 0 0 0 0 0 0
40 0 0 0 0 0 0 0 0 0 0 0 0 0 0 0 0 0 0 0 0 0 0 0 0 0 0 0 0 0 0 0 0 0 0 0 0 0 0 0 0 0 0 0 0 0 0 0 0 0 0 0 0 0 0 0 0 0 0 0 0 0 0 0 0 0 0 0 0 0 0 0 0 0 0 0 0 0 0 0 0 0 0 0 0 0 0 0 0 0 0 0 0 0 0 0 0 0 0 0 0 0 0 0 0 0 0 0
41 0 0 0 0 0 0 0 0 0 0 0 0 0 0 0 0 0 0 0 0 0 0 0 0 0 0 0 0 0 0 0 0 0 0 0 0 0 0 0 0 0 0 0 0 0 0 0 0 0 0 0 0 0 0 0 0 0 0 0 0 0 0 0 0 0 0 0 0 0 0 0 0 0 0 0 0 0 0 0 0 0 0 0 0 0 0 0 0 0 0 0 0 0 0 0 0 0 0 0 0 0 0 0 0 0 0 0
42 43 44 45 46 47 48 57 58 59 60 61 62 63 64 65 67 69 71 73 75 77 79 80 82 84 86 88 90 92 94 95 97 98 100 103 105 106 108 111 113 114 116 119 121 122 124 126 127 130 131 134 135 138 139 141 144 145 148 149 152 153 156 158 159 161 164 165 168 170 171 173 176 178 179 182 183 185 188 0 0 0 0 0 0 0 0 0 0 0 0 0 0 0 0 0 0 0 0 0 0 0 0 0 0 0 0 0
42 0 0 0 0 0 0 0 0 0 0 0 0 0 0 0 0 0 0 0 0 0 0 0 0 0 0 0 0 0 0 0 0 0 0 0 0 0 0 0 0 0 0 0 0 0 0 0 0 0 0 0 0 0 0 0 0 0 0 0 0 0 0 0 0 0 0 0 0 0 0 0 0 0 0 0 0 0 0 0 0 0 0 0 0 0 0 0 0 0 0 0 0 0 0 0 0 0 0 0 0 0 0 0 0 0 0 0
43 0 0 0 0 0 0 0 0 0 0 0 0 0 0 0 0 0 0 0 0 0 0 0 0 0 0 0 0 0 0 0 0 0 0 0 0 0 0 0 0 0 0 0 0 0 0 0 0 0 0 0 0 0 0 0 0 0 0 0 0 0 0 0 0 0 0 0 0 0 0 0 0 0 0 0 0 0 0 0 0 0 0 0 0 0 0 0 0 0 0 0 0 0 0 0 0 0 0 0 0 0 0 0 0 0 0 0
44 0 0 0 0 0 0 0 0 0 0 0 0 0 0 0 0 0 0 0 0 0 0 0 0 0 0 0 0 0 0 0 0 0 0 0 0 0 0 0 0 0 0 0 0 0 0 0 0 0 0 0 0 0 0 0 0 0 0 0 0 0 0 0 0 0 0 0 0 0 0 0 0 0 0 0 0 0 0 0 0 0 0 0 0 0 0 0 0 0 0 0 0 0 0 0 0 0 0 0 0 0 0 0 0 0 0 0
45 0 0 0 0 0 0 0 0 0 0 0 0 0 0 0 0 0 0 0 0 0 0 0 0 0 0 0 0 0 0 0 0 0 0 0 0 0 0 0 0 0 0 0 0 0 0 0 0 0 0 0 0 0 0 0 0 0 0 0 0 0 0 0 0 0 0 0 0 0 0 0 0 0 0 0 0 0 0 0 0 0 0 0 0 0 0 0 0 0 0 0 0 0 0 0 0 0 0 0 0 0 0 0 0 0 0 0
46 0 0 0 0 0 0 0 0 0 0 0 0 0 0 0 0 0 0 0 0 0 0 0 0 0 0 0 0 0 0 0 0 0 0 0 0 0 0 0 0 0 0 0 0 0 0 0 0 0 0 0 0 0 0 0 0 0 0 0 0 0 0 0 0 0 0 0 0 0 0 0 0 0 0 0 0 0 0 0 0 0 0 0 0 0 0 0 0 0 0 0 0 0 0 0 0 0 0 0 0 0 0 0 0 0 0 0
47 0 0 0 0 0 0 0 0 0 0 0 0 0 0 0 0 0 0 0 0 0 0 0 0 0 0 0 0 0 0 0 0 0 0 0 0 0 0 0 0 0 0 0 0 0 0 0 0 0 0 0 0 0 0 0 0 0 0 0 0 0 0 0 0 0 0 0 0 0 0 0 0 0 0 0 0 0 0 0 0 0 0 0 0 0 0 0 0 0 0 0 0 0 0 0 0 0 0 0 0 0 0 0 0 0 0 0
48 0 0 0 0 0 0 0 0 0 0 0 0 0 0 0 0 0 0 0 0 0 0 0 0 0 0 0 0 0 0 0 0 0 0 0 0 0 0 0 0 0 0 0 0 0 0 0 0 0 0 0 0 0 0 0 0 0 0 0 0 0 0 0 0 0 0 0 0 0 0 0 0 0 0 0 0 0 0 0 0 0 0 0 0 0 0 0 0 0 0 0 0 0 0 0 0 0 0 0 0 0 0 0 0 0 0 0
49 0 0 0 0 0 0 0 0 0 0 0 0 0 0 0 0 0 0 0 0 0 0 0 0 0 0 0 0 0 0 0 0 0 0 0 0 0 0 0 0 0 0 0 0 0 0 0 0 0 0 0 0 0 0 0 0 0 0 0 0 0 0 0 0 0 0 0 0 0 0 0 0 0 0 0 0 0 0 0 0 0 0 0 0 0 0 0 0 0 0 0 0 0 0 0 0 0 0 0 0 0 0 0 0 0 0 0
50 0 0 0 0 0 0 0 0 0 0 0 0 0 0 0 0 0 0 0 0 0 0 0 0 0 0 0 0 0 0 0 0 0 0 0 0 0 0 0 0 0 0 0 0 0 0 0 0 0 0 0 0 0 0 0 0 0 0 0 0 0 0 0 0 0 0 0 0 0 0 0 0 0 0 0 0 0 0 0 0 0 0 0 0 0 0 0 0 0 0 0 0 0 0 0 0 0 0 0 0 0 0 0 0 0 0 0
51 0 0 0 0 0 0 0 0 0 0 0 0 0 0 0 0 0 0 0 0 0 0 0 0 0 0 0 0 0 0 0 0 0 0 0 0 0 0 0 0 0 0 0 0 0 0 0 0 0 0 0 0 0 0 0 0 0 0 0 0 0 0 0 0 0 0 0 0 0 0 0 0 0 0 0 0 0 0 0 0 0 0 0 0 0 0 0 0 0 0 0 0 0 0 0 0 0 0 0 0 0 0 0 0 0 0 0
52 0 0 0 0 0 0 0 0 0 0 0 0 0 0 0 0 0 0 0 0 0 0 0 0 0 0 0 0 0 0 0 0 0 0 0 0 0 0 0 0 0 0 0 0 0 0 0 0 0 0 0 0 0 0 0 0 0 0 0 0 0 0 0 0 0 0 0 0 0 0 0 0 0 0 0 0 0 0 0 0 0 0 0 0 0 0 0 0 0 0 0 0 0 0 0 0 0 0 0 0 0 0 0 0 0 0 0
53 0 0 0 0 0 0 0 0 0 0 0 0 0 0 0 0 0 0 0 0 0 0 0 0 0 0 0 0 0 0 0 0 0 0 0 0 0 0 0 0 0 0 0 0 0 0 0 0 0 0 0 0 0 0 0 0 0 0 0 0 0 0 0 0 0 0 0 0 0 0 0 0 0 0 0 0 0 0 0 0 0 0 0 0 0 0 0 0 0 0 0 0 0 0 0 0 0 0 0 0 0 0 0 0 0 0 0
54 0 0 0 0 0 0 0 0 0 0 0 0 0 0 0 0 0 0 0 0 0 0 0 0 0 0 0 0 0 0 0 0 0 0 0 0 0 0 0 0 0 0 0 0 0 0 0 0 0 0 0 0 0 0 0 0 0 0 0 0 0 0 0 0 0 0 0 0 0 0 0 0 0 0 0 0 0 0 0 0 0 0 0 0 0 0 0 0 0 0 0 0 0 0 0 0 0 0 0 0 0 0 0 0 0 0 0
55 0 0 0 0 0 0 0 0 0 0 0 0 0 0 0 0 0 0 0 0 0 0 0 0 0 0 0 0 0 0 0 0 0 0 0 0 0 0 0 0 0 0 0 0 0 0 0 0 0 0 0 0 0 0 0 0 0 0 0 0 0 0 0 0 0 0 0 0 0 0 0 0 0 0 0 0 0 0 0 0 0 0 0 0 0 0 0 0 0 0 0 0 0 0 0 0 0 0 0 0 0 0 0 0 0 0 0
56 0 0 0 0 0 0 0 0 0 0 0 0 0 0 0 0 0 0 0 0 0 0 0 0 0 0 0 0 0 0 0 0 0 0 0 0 0 0 0 0 0 0 0 0 0 0 0 0 0 0 0 0 0 0 0 0 0 0 0 0 0 0 0 0 0 0 0 0 0 0 0 0 0 0 0 0 0 0 0 0 0 0 0 0 0 0 0 0 0 0 0 0 0 0 0 0 0 0 0 0 0 0 0 0 0 0 0
57 0 0 0 0 0 0 0 0 0 0 0 0 0 0 0 0 0 0 0 0 0 0 0 0 0 0 0 0 0 0 0 0 0 0 0 0 0 0 0 0 0 0 0 0 0 0 0 0 0 0 0 0 0 0 0 0 0 0 0 0 0 0 0 0 0 0 0 0 0 0 0 0 0 0 0 0 0 0 0 0 0 0 0 0 0 0 0 0 0 0 0 0 0 0 0 0 0 0 0 0 0 0 0 0 0 0 0
58 0 0 0 0 0 0 0 0 0 0 0 0 0 0 0 0 0 0 0 0 0 0 0 0 0 0 0 0 0 0 0 0 0 0 0 0 0 0 0 0 0 0 0 0 0 0 0 0 0 0 0 0 0 0 0 0 0 0 0 0 0 0 0 0 0 0 0 0 0 0 0 0 0 0 0 0 0 0 0 0 0 0 0 0 0 0 0 0 0 0 0 0 0 0 0 0 0 0 0 0 0 0 0 0 0 0 0
59 0 0 0 0 0 0 0 0 0 0 0 0 0 0 0 0 0 0 0 0 0 0 0 0 0 0 0 0 0 0 0 0 0 0 0 0 0 0 0 0 0 0 0 0 0 0 0 0 0 0 0 0 0 0 0 0 0 0 0 0 0 0 0 0 0 0 0 0 0 0 0 0 0 0 0 0 0 0 0 0 0 0 0 0 0 0 0 0 0 0 0 0 0 0 0 0 0 0 0 0 0 0 0 0 0 0 0
60 0 0 0 0 0 0 0 0 0 0 0 0 0 0 0 0 0 0 0 0 0 0 0 0 0 0 0 0 0 0 0 0 0 0 0 0 0 0 0 0 0 0 0 0 0 0 0 0 0 0 0 0 0 0 0 0 0 0 0 0 0 0 0 0 0 0 0 0 0 0 0 0 0 0 0 0 0 0 0 0 0 0 0 0 0 0 0 0 0 0 0 0 0 0 0 0 0 0 0 0 0 0 0 0 0 0 0
61 0 0 0 0 0 0 0 0 0 0 0 0 0 0 0 0 0 0 0 0 0 0 0 0 0 0 0 0 0 0 0 0 0 0 0 0 0 0 0 0 0 0 0 0 0 0 0 0 0 0 0 0 0 0 0 0 0 0 0 0 0 0 0 0 0 0 0 0 0 0 0 0 0 0 0 0 0 0 0 0 0 0 0 0 0 0 0 0 0 0 0 0 0 0 0 0 0 0 0 0 0 0 0 0 0 0 0
62 0 0 0 0 0 0 0 0 0 0 0 0 0 0 0 0 0 0 0 0 0 0 0 0 0 0 0 0 0 0 0 0 0 0 0 0 0 0 0 0 0 0 0 0 0 0 0 0 0 0 0 0 0 0 0 0 0 0 0 0 0 0 0 0 0 0 0 0 0 0 0 0 0 0 0 0 0 0 0 0 0 0 0 0 0 0 0 0 0 0 0 0 0 0 0 0 0 0 0 0 0 0 0 0 0 0 0
63 0 0 0 0 0 0 0 0 0 0 0 0 0 0 0 0 0 0 0 0 0 0 0 0 0 0 0 0 0 0 0 0 0 0 0 0 0 0 0 0 0 0 0 0 0 0 0 0 0 0 0 0 0 0 0 0 0 0 0 0 0 0 0 0 0 0 0 0 0 0 0 0 0 0 0 0 0 0 0 0 0 0 0 0 0 0 0 0 0 0 0 0 0 0 0 0 0 0 0 0 0 0 0 0 0 0 0
64 0 0 0 0 0 0 0 0 0 0 0 0 0 0 0 0 0 0 0 0 0 0 0 0 0 0 0 0 0 0 0 0 0 0 0 0 0 0 0 0 0 0 0 0 0 0 0 0 0 0 0 0 0 0 0 0 0 0 0 0 0 0 0 0 0 0 0 0 0 0 0 0 0 0 0 0 0 0 0 0 0 0 0 0 0 0 0 0 0 0 0 0 0 0 0 0 0 0 0 0 0 0 0 0 0 0 0
65 66 67 68 69 70 71 72 73 74 75 76 77 78 79 110 111 112 113 114 115 116 117 118 119 120 121 122 123 124 125 141 142 143 144 145 146 147 148 149 150 151 152 153 154 155 156 157 158 159 160 161 162 163 164 165 166 167 168 169 170 171 172 0 0 0 0 0 0 0 0 0 0 0 0 0 0 0 0 0 0 0 0 0 0 0 0 0 0 0 0 0 0 0 0 0 0 0 0 0 0 0 0 0 0 0 0 0
65 0 0 0 0 0 0 0 0 0 0 0 0 0 0 0 0 0 0 0 0 0 0 0 0 0 0 0 0 0 0 0 0 0 0 0 0 0 0 0 0 0 0 0 0 0 0 0 0 0 0 0 0 0 0 0 0 0 0 0 0 0 0 0 0 0 0 0 0 0 0 0 0 0 0 0 0 0 0 0 0 0 0 0 0 0 0 0 0 0 0 0 0 0 0 0 0 0 0 0 0 0 0 0 0 0 0 0
66 0 0 0 0 0 0 0 0 0 0 0 0 0 0 0 0 0 0 0 0 0 0 0 0 0 0 0 0 0 0 0 0 0 0 0 0 0 0 0 0 0 0 0 0 0 0 0 0 0 0 0 0 0 0 0 0 0 0 0 0 0 0 0 0 0 0 0 0 0 0 0 0 0 0 0 0 0 0 0 0 0 0 0 0 0 0 0 0 0 0 0 0 0 0 0 0 0 0 0 0 0 0 0 0 0 0 0
67 0 0 0 0 0 0 0 0 0 0 0 0 0 0 0 0 0 0 0 0 0 0 0 0 0 0 0 0 0 0 0 0 0 0 0 0 0 0 0 0 0 0 0 0 0 0 0 0 0 0 0 0 0 0 0 0 0 0 0 0 0 0 0 0 0 0 0 0 0 0 0 0 0 0 0 0 0 0 0 0 0 0 0 0 0 0 0 0 0 0 0 0 0 0 0 0 0 0 0 0 0 0 0 0 0 0 0
68 0 0 0 0 0 0 0 0 0 0 0 0 0 0 0 0 0 0 0 0 0 0 0 0 0 0 0 0 0 0 0 0 0 0 0 0 0 0 0 0 0 0 0 0 0 0 0 0 0 0 0 0 0 0 0 0 0 0 0 0 0 0 0 0 0 0 0 0 0 0 0 0 0 0 0 0 0 0 0 0 0 0 0 0 0 0 0 0 0 0 0 0 0 0 0 0 0 0 0 0 0 0 0 0 0 0 0
69 0 0 0 0 0 0 0 0 0 0 0 0 0 0 0 0 0 0 0 0 0 0 0 0 0 0 0 0 0 0 0 0 0 0 0 0 0 0 0 0 0 0 0 0 0 0 0 0 0 0 0 0 0 0 0 0 0 0 0 0 0 0 0 0 0 0 0 0 0 0 0 0 0 0 0 0 0 0 0 0 0 0 0 0 0 0 0 0 0 0 0 0 0 0 0 0 0 0 0 0 0 0 0 0 0 0 0
70 0 0 0 0 0 0 0 0 0 0 0 0 0 0 0 0 0 0 0 0 0 0 0 0 0 0 0 0 0 0 0 0 0 0 0 0 0 0 0 0 0 0 0 0 0 0 0 0 0 0 0 0 0 0 0 0 0 0 0 0 0 0 0 0 0 0 0 0 0 0 0 0 0 0 0 0 0 0 0 0 0 0 0 0 0 0 0 0 0 0 0 0 0 0 0 0 0 0 0 0 0 0 0 0 0 0 0
71 0 0 0 0 0 0 0 0 0 0 0 0 0 0 0 0 0 0 0 0 0 0 0 0 0 0 0 0 0 0 0 0 0 0 0 0 0 0 0 0 0 0 0 0 0 0 0 0 0 0 0 0 0 0 0 0 0 0 0 0 0 0 0 0 0 0 0 0 0 0 0 0 0 0 0 0 0 0 0 0 0 0 0 0 0 0 0 0 0 0 0 0 0 0 0 0 0 0 0 0 0 0 0 0 0 0 0
72 0 0 0 0 0 0 0 0 0 0 0 0 0 0 0 0 0 0 0 0 0 0 0 0 0 0 0 0 0 0 0 0 0 0 0 0 0 0 0 0 0 0 0 0 0 0 0 0 0 0 0 0 0 0 0 0 0 0 0 0 0 0 0 0 0 0 0 0 0 0 0 0 0 0 0 0 0 0 0 0 0 0 0 0 0 0 0 0 0 0 0 0 0 0 0 0 0 0 0 0 0 0 0 0 0 0 0
73 0 0 0 0 0 0 0 0 0 0 0 0 0 0 0 0 0 0 0 0 0 0 0 0 0 0 0 0 0 0 0 0 0 0 0 0 0 0 0 0 0 0 0 0 0 0 0 0 0 0 0 0 0 0 0 0 0 0 0 0 0 0 0 0 0 0 0 0 0 0 0 0 0 0 0 0 0 0 0 0 0 0 0 0 0 0 0 0 0 0 0 0 0 0 0 0 0 0 0 0 0 0 0 0 0 0 0
74 0 0 0 0 0 0 0 0 0 0 0 0 0 0 0 0 0 0 0 0 0 0 0 0 0 0 0 0 0 0 0 0 0 0 0 0 0 0 0 0 0 0 0 0 0 0 0 0 0 0 0 0 0 0 0 0 0 0 0 0 0 0 0 0 0 0 0 0 0 0 0 0 0 0 0 0 0 0 0 0 0 0 0 0 0 0 0 0 0 0 0 0 0 0 0 0 0 0 0 0 0 0 0 0 0 0 0
75 0 0 0 0 0 0 0 0 0 0 0 0 0 0 0 0 0 0 0 0 0 0 0 0 0 0 0 0 0 0 0 0 0 0 0 0 0 0 0 0 0 0 0 0 0 0 0 0 0 0 0 0 0 0 0 0 0 0 0 0 0 0 0 0 0 0 0 0 0 0 0 0 0 0 0 0 0 0 0 0 0 0 0 0 0 0 0 0 0 0 0 0 0 0 0 0 0 0 0 0 0 0 0 0 0 0 0
76 0 0 0 0 0 0 0 0 0 0 0 0 0 0 0 0 0 0 0 0 0 0 0 0 0 0 0 0 0 0 0 0 0 0 0 0 0 0 0 0 0 0 0 0 0 0 0 0 0 0 0 0 0 0 0 0 0 0 0 0 0 0 0 0 0 0 0 0 0 0 0 0 0 0 0 0 0 0 0 0 0 0 0 0 0 0 0 0 0 0 0 0 0 0 0 0 0 0 0 0 0 0 0 0 0 0 0
77 0 0 0 0 0 0 0 0 0 0 0 0 0 0 0 0 0 0 0 0 0 0 0 0 0 0 0 0 0 0 0 0 0 0 0 0 0 0 0 0 0 0 0 0 0 0 0 0 0 0 0 0 0 0 0 0 0 0 0 0 0 0 0 0 0 0 0 0 0 0 0 0 0 0 0 0 0 0 0 0 0 0 0 0 0 0 0 0 0 0 0 0 0 0 0 0 0 0 0 0 0 0 0 0 0 0 0
78 0 0 0 0 0 0 0 0 0 0 0 0 0 0 0 0 0 0 0 0 0 0 0 0 0 0 0 0 0 0 0 0 0 0 0 0 0 0 0 0 0 0 0 0 0 0 0 0 0 0 0 0 0 0 0 0 0 0 0 0 0 0 0 0 0 0 0 0 0 0 0 0 0 0 0 0 0 0 0 0 0 0 0 0 0 0 0 0 0 0 0 0 0 0 0 0 0 0 0 0 0 0 0 0 0 0 0
79 0 0 0 0 0 0 0 0 0 0 0 0 0 0 0 0 0 0 0 0 0 0 0 0 0 0 0 0 0 0 0 0 0 0 0 0 0 0 0 0 0 0 0 0 0 0 0 0 0 0 0 0 0 0 0 0 0 0 0 0 0 0 0 0 0 0 0 0 0 0 0 0 0 0 0 0 0 0 0 0 0 0 0 0 0 0 0 0 0 0 0 0 0 0 0 0 0 0 0 0 0 0 0 0 0 0 0
80 81 82 83 84 85 86 87 88 89 90 91 92 93 94 110 111 112 113 114 115 116 117 118 119 120 121 122 123 124 125 141 142 143 144 145 146 147 148 149 150 151 152 153 154 155 156 173 174 175 176 177 178 179 180 181 182 183 184 185 186 187 188 0 0 0 0 0 0 0 0 0 0 0 0 0 0 0 0 0 0 0 0 0 0 0 0 0 0 0 0 0 0 0 0 0 0 0 0 0 0 0 0 0 0 0 0 0
80 0 0 0 0 0 0 0 0 0 0 0 0 0 0 0 0 0 0 0 0 0 0 0 0 0 0 0 0 0 0 0 0 0 0 0 0 0 0 0 0 0 0 0 0 0 0 0 0 0 0 0 0 0 0 0 0 0 0 0 0 0 0 0 0 0 0 0 0 0 0 0 0 0 0 0 0 0 0 0 0 0 0 0 0 0 0 0 0 0 0 0 0 0 0 0 0 0 0 0 0 0 0 0 0 0 0 0
81 0 0 0 0 0 0 0 0 0 0 0 0 0 0 0 0 0 0 0 0 0 0 0 0 0 0 0 0 0 0 0 0 0 0 0 0 0 0 0 0 0 0 0 0 0 0 0 0 0 0 0 0 0 0 0 0 0 0 0 0 0 0 0 0 0 0 0 0 0 0 0 0 0 0 0 0 0 0 0 0 0 0 0 0 0 0 0 0 0 0 0 0 0 0 0 0 0 0 0 0 0 0 0 0 0 0 0
82 0 0 0 0 0 0 0 0 0 0 0 0 0 0 0 0 0 0 0 0 0 0 0 0 0 0 0 0 0 0 0 0 0 0 0 0 0 0 0 0 0 0 0 0 0 0 0 0 0 0 0 0 0 0 0 0 0 0 0 0 0 0 0 0 0 0 0 0 0 0 0 0 0 0 0 0 0 0 0 0 0 0 0 0 0 0 0 0 0 0 0 0 0 0 0 0 0 0 0 0 0 0 0 0 0 0 0
83 0 0 0 0 0 0 0 0 0 0 0 0 0 0 0 0 0 0 0 0 0 0 0 0 0 0 0 0 0 0 0 0 0 0 0 0 0 0 0 0 0 0 0 0 0 0 0 0 0 0 0 0 0 0 0 0 0 0 0 0 0 0 0 0 0 0 0 0 0 0 0 0 0 0 0 0 0 0 0 0 0 0 0 0 0 0 0 0 0 0 0 0 0 0 0 0 0 0 0 0 0 0 0 0 0 0 0
84 0 0 0 0 0 0 0 0 0 0 0 0 0 0 0 0 0 0 0 0 0 0 0 0 0 0 0 0 0 0 0 0 0 0 0 0 0 0 0 0 0 0 0 0 0 0 0 0 0 0 0 0 0 0 0 0 0 0 0 0 0 0 0 0 0 0 0 0 0 0 0 0 0 0 0 0 0 0 0 0 0 0 0 0 0 0 0 0 0 0 0 0 0 0 0 0 0 0 0 0 0 0 0 0 0 0 0
85 0 0 0 0 0 0 0 0 0 0 0 0 0 0 0 0 0 0 0 0 0 0 0 0 0 0 0 0 0 0 0 0 0 0 0 0 0 0 0 0 0 0 0 0 0 0 0 0 0 0 0 0 0 0 0 0 0 0 0 0 0 0 0 0 0 0 0 0 0 0 0 0 0 0 0 0 0 0 0 0 0 0 0 0 0 0 0 0 0 0 0 0 0 0 0 0 0 0 0 0 0 0 0 0 0 0 0
86 0 0 0 0 0 0 0 0 0 0 0 0 0 0 0 0 0 0 0 0 0 0 0 0 0 0 0 0 0 0 0 0 0 0 0 0 0 0 0 0 0 0 0 0 0 0 0 0 0 0 0 0 0 0 0 0 0 0 0 0 0 0 0 0 0 0 0 0 0 0 0 0 0 0 0 0 0 0 0 0 0 0 0 0 0 0 0 0 0 0 0 0 0 0 0 0 0 0 0 0 0 0 0 0 0 0 0
87 0 0 0 0 0 0 0 0 0 0 0 0 0 0 0 0 0 0 0 0 0 0 0 0 0 0 0 0 0 0 0 0 0 0 0 0 0 0 0 0 0 0 0 0 0 0 0 0 0 0 0 0 0 0 0 0 0 0 0 0 0 0 0 0 0 0 0 0 0 0 0 0 0 0 0 0 0 0 0 0 0 0 0 0 0 0 0 0 0 0 0 0 0 0 0 0 0 0 0 0 0 0 0 0 0 0 0
88 0 0 0 0 0 0 0 0 0 0 0 0 0 0 0 0 0 0 0 0 0 0 0 0 0 0 0 0 0 0 0 0 0 0 0 0 0 0 0 0 0 0 0 0 0 0 0 0 0 0 0 0 0 0 0 0 0 0 0 0 0 0 0 0 0 0 0 0 0 0 0 0 0 0 0 0 0 0 0 0 0 0 0 0 0 0 0 0 0 0 0 0 0 0 0 0 0 0 0 0 0 0 0 0 0 0 0
89 0 0 0 0 0 0 0 0 0 0 0 0 0 0 0 0 0 0 0 0 0 0 0 0 0 0 0 0 0 0 0 0 0 0 0 0 0 0 0 0 0 0 0 0 0 0 0 0 0 0 0 0 0 0 0 0 0 0 0 0 0 0 0 0 0 0 0 0 0 0 0 0 0 0 0 0 0 0 0 0 0 0 0 0 0 0 0 0 0 0 0 0 0 0 0 0 0 0 0 0 0 0 0 0 0 0 0
90 0 0 0 0 0 0 0 0 0 0 0 0 0 0 0 0 0 0 0 0 0 0 0 0 0 0 0 0 0 0 0 0 0 0 0 0 0 0 0 0 0 0 0 0 0 0 0 0 0 0 0 0 0 0 0 0 0 0 0 0 0 0 0 0 0 0 0 0 0 0 0 0 0 0 0 0 0 0 0 0 0 0 0 0 0 0 0 0 0 0 0 0 0 0 0 0 0 0 0 0 0 0 0 0 0 0 0
91 0 0 0 0 0 0 0 0 0 0 0 0 0 0 0 0 0 0 0 0 0 0 0 0 0 0 0 0 0 0 0 0 0 0 0 0 0 0 0 0 0 0 0 0 0 0 0 0 0 0 0 0 0 0 0 0 0 0 0 0 0 0 0 0 0 0 0 0 0 0 0 0 0 0 0 0 0 0 0 0 0 0 0 0 0 0 0 0 0 0 0 0 0 0 0 0 0 0 0 0 0 0 0 0 0 0 0
92 0 0 0 0 0 0 0 0 0 0 0 0 0 0 0 0 0 0 0 0 0 0 0 0 0 0 0 0 0 0 0 0 0 0 0 0 0 0 0 0 0 0 0 0 0 0 0 0 0 0 0 0 0 0 0 0 0 0 0 0 0 0 0 0 0 0 0 0 0 0 0 0 0 0 0 0 0 0 0 0 0 0 0 0 0 0 0 0 0 0 0 0 0 0 0 0 0 0 0 0 0 0 0 0 0 0 0
93 0 0 0 0 0 0 0 0 0 0 0 0 0 0 0 0 0 0 0 0 0 0 0 0 0 0 0 0 0 0 0 0 0 0 0 0 0 0 0 0 0 0 0 0 0 0 0 0 0 0 0 0 0 0 0 0 0 0 0 0 0 0 0 0 0 0 0 0 0 0 0 0 0 0 0 0 0 0 0 0 0 0 0 0 0 0 0 0 0 0 0 0 0 0 0 0 0 0 0 0 0 0 0 0 0 0 0
94 0 0 0 0 0 0 0 0 0 0 0 0 0 0 0 0 0 0 0 0 0 0 0 0 0 0 0 0 0 0 0 0 0 0 0 0 0 0 0 0 0 0 0 0 0 0 0 0 0 0 0 0 0 0 0 0 0 0 0 0 0 0 0 0 0 0 0 0 0 0 0 0 0 0 0 0 0 0 0 0 0 0 0 0 0 0 0 0 0 0 0 0 0 0 0 0 0 0 0 0 0 0 0 0 0 0 0
95 96 97 98 99 100 101 102 103 104 105 106 107 108 109 110 111 112 113 114 115 116 117 118 119 120 121 122 123 124 125 157 158 159 160 161 162 163 164 165 166 167 168 169 170 171 172 173 174 175 176 177 178 179 180 181 182 183 184 185 186 187 188 0 0 0 0 0 0 0 0 0 0 0 0 0 0 0 0 0 0 0 0 0 0 0 0 0 0 0 0 0 0 0 0 0 0 0 0 0 0 0 0 0 0 0 0 0
95 0 0 0 0 0 0 0 0 0 0 0 0 0 0 0 0 0 0 0 0 0 0 0 0 0 0 0 0 0 0 0 0 0 0 0 0 0 0 0 0 0 0 0 0 0 0 0 0 0 0 0 0 0 0 0 0 0 0 0 0 0 0 0 0 0 0 0 0 0 0 0 0 0 0 0 0 0 0 0 0 0 0 0 0 0 0 0 0 0 0 0 0 0 0 0 0 0 0 0 0 0 0 0 0 0 0 0
96 0 0 0 0 0 0 0 0 0 0 0 0 0 0 0 0 0 0 0 0 0 0 0 0 0 0 0 0 0 0 0 0 0 0 0 0 0 0 0 0 0 0 0 0 0 0 0 0 0 0 0 0 0 0 0 0 0 0 0 0 0 0 0 0 0 0 0 0 0 0 0 0 0 0 0 0 0 0 0 0 0 0 0 0 0 0 0 0 0 0 0 0 0 0 0 0 0 0 0 0 0 0 0 0 0 0 0
97 0 0 0 0 0 0 0 0 0 0 0 0 0 0 0 0 0 0 0 0 0 0 0 0 0 0 0 0 0 0 0 0 0 0 0 0 0 0 0 0 0 0 0 0 0 0 0 0 0 0 0 0 0 0 0 0 0 0 0 0 0 0 0 0 0 0 0 0 0 0 0 0 0 0 0 0 0 0 0 0 0 0 0 0 0 0 0 0 0 0 0 0 0 0 0 0 0 0 0 0 0 0 0 0 0 0 0
98 0 0 0 0 0 0 0 0 0 0 0 0 0 0 0 0 0 0 0 0 0 0 0 0 0 0 0 0 0 0 0 0 0 0 0 0 0 0 0 0 0 0 0 0 0 0 0 0 0 0 0 0 0 0 0 0 0 0 0 0 0 0 0 0 0 0 0 0 0 0 0 0 0 0 0 0 0 0 0 0 0 0 0 0 0 0 0 0 0 0 0 0 0 0 0 0 0 0 0 0 0 0 0 0 0 0 0
99 0 0 0 0 0 0 0 0 0 0 0 0 0 0 0 0 0 0 0 0 0 0 0 0 0 0 0 0 0 0 0 0 0 0 0 0 0 0 0 0 0 0 0 0 0 0 0 0 0 0 0 0 0 0 0 0 0 0 0 0 0 0 0 0 0 0 0 0 0 0 0 0 0 0 0 0 0 0 0 0 0 0 0 0 0 0 0 0 0 0 0 0 0 0 0 0 0 0 0 0 0 0 0 0 0 0 0
100 0 0 0 0 0 0 0 0 0 0 0 0 0 0 0 0 0 0 0 0 0 0 0 0 0 0 0 0 0 0 0 0 0 0 0 0 0 0 0 0 0 0 0 0 0 0 0 0 0 0 0 0 0 0 0 0 0 0 0 0 0 0 0 0 0 0 0 0 0 0 0 0 0 0 0 0 0 0 0 0 0 0 0 0 0 0 0 0 0 0 0 0 0 0 0 0 0 0 0 0 0 0 0 0 0 0 0
101 0 0 0 0 0 0 0 0 0 0 0 0 0 0 0 0 0 0 0 0 0 0 0 0 0 0 0 0 0 0 0 0 0 0 0 0 0 0 0 0 0 0 0 0 0 0 0 0 0 0 0 0 0 0 0 0 0 0 0 0 0 0 0 0 0 0 0 0 0 0 0 0 0 0 0 0 0 0 0 0 0 0 0 0 0 0 0 0 0 0 0 0 0 0 0 0 0 0 0 0 0 0 0 0 0 0 0
102 0 0 0 0 0 0 0 0 0 0 0 0 0 0 0 0 0 0 0 0 0 0 0 0 0 0 0 0 0 0 0 0 0 0 0 0 0 0 0 0 0 0 0 0 0 0 0 0 0 0 0 0 0 0 0 0 0 0 0 0 0 0 0 0 0 0 0 0 0 0 0 0 0 0 0 0 0 0 0 0 0 0 0 0 0 0 0 0 0 0 0 0 0 0 0 0 0 0 0 0 0 0 0 0 0 0 0
103 0 0 0 0 0 0 0 0 0 0 0 0 0 0 0 0 0 0 0 0 0 0 0 0 0 0 0 0 0 0 0 0 0 0 0 0 0 0 0 0 0 0 0 0 0 0 0 0 0 0 0 0 0 0 0 0 0 0 0 0 0 0 0 0 0 0 0 0 0 0 0 0 0 0 0 0 0 0 0 0 0 0 0 0 0 0 0 0 0 0 0 0 0 0 0 0 0 0 0 0 0 0 0 0 0 0 0
104 0 0 0 0 0 0 0 0 0 0 0 0 0 0 0 0 0 0 0 0 0 0 0 0 0 0 0 0 0 0 0 0 0 0 0 0 0 0 0 0 0 0 0 0 0 0 0 0 0 0 0 0 0 0 0 0 0 0 0 0 0 0 0 0 0 0 0 0 0 0 0 0 0 0 0 0 0 0 0 0 0 0 0 0 0 0 0 0 0 0 0 0 0 0 0 0 0 0 0 0 0 0 0 0 0 0 0
105 0 0 0 0 0 0 0 0 0 0 0 0 0 0 0 0 0 0 0 0 0 0 0 0 0 0 0 0 0 0 0 0 0 0 0 0 0 0 0 0 0 0 0 0 0 0 0 0 0 0 0 0 0 0 0 0 0 0 0 0 0 0 0 0 0 0 0 0 0 0 0 0 0 0 0 0 0 0 0 0 0 0 0 0 0 0 0 0 0 0 0 0 0 0 0 0 0 0 0 0 0 0 0 0 0 0 0
106 0 0 0 0 0 0 0 0 0 0 0 0 0 0 0 0 0 0 0 0 0 0 0 0 0 0 0 0 0 0 0 0 0 0 0 0 0 0 0 0 0 0 0 0 0 0 0 0 0 0 0 0 0 0 0 0 0 0 0 0 0 0 0 0 0 0 0 0 0 0 0 0 0 0 0 0 0 0 0 0 0 0 0 0 0 0 0 0 0 0 0 0 0 0 0 0 0 0 0 0 0 0 0 0 0 0 0
107 0 0 0 0 0 0 0 0 0 0 0 0 0 0 0 0 0 0 0 0 0 0 0 0 0 0 0 0 0 0 0 0 0 0 0 0 0 0 0 0 0 0 0 0 0 0 0 0 0 0 0 0 0 0 0 0 0 0 0 0 0 0 0 0 0 0 0 0 0 0 0 0 0 0 0 0 0 0 0 0 0 0 0 0 0 0 0 0 0 0 0 0 0 0 0 0 0 0 0 0 0 0 0 0 0 0 0
108 0 0 0 0 0 0 0 0 0 0 0 0 0 0 0 0 0 0 0 0 0 0 0 0 0 0 0 0 0 0 0 0 0 0 0 0 0 0 0 0 0 0 0 0 0 0 0 0 0 0 0 0 0 0 0 0 0 0 0 0 0 0 0 0 0 0 0 0 0 0 0 0 0 0 0 0 0 0 0 0 0 0 0 0 0 0 0 0 0 0 0 0 0 0 0 0 0 0 0 0 0 0 0 0 0 0 0
109 0 0 0 0 0 0 0 0 0 0 0 0 0 0 0 0 0 0 0 0 0 0 0 0 0 0 0 0 0 0 0 0 0 0 0 0 0 0 0 0 0 0 0 0 0 0 0 0 0 0 0 0 0 0 0 0 0 0 0 0 0 0 0 0 0 0 0 0 0 0 0 0 0 0 0 0 0 0 0 0 0 0 0 0 0 0 0 0 0 0 0 0 0 0 0 0 0 0 0 0 0 0 0 0 0 0 0
110 0 0 0 0 0 0 0 0 0 0 0 0 0 0 0 0 0 0 0 0 0 0 0 0 0 0 0 0 0 0 0 0 0 0 0 0 0 0 0 0 0 0 0 0 0 0 0 0 0 0 0 0 0 0 0 0 0 0 0 0 0 0 0 0 0 0 0 0 0 0 0 0 0 0 0 0 0 0 0 0 0 0 0 0 0 0 0 0 0 0 0 0 0 0 0 0 0 0 0 0 0 0 0 0 0 0 0
111 0 0 0 0 0 0 0 0 0 0 0 0 0 0 0 0 0 0 0 0 0 0 0 0 0 0 0 0 0 0 0 0 0 0 0 0 0 0 0 0 0 0 0 0 0 0 0 0 0 0 0 0 0 0 0 0 0 0 0 0 0 0 0 0 0 0 0 0 0 0 0 0 0 0 0 0 0 0 0 0 0 0 0 0 0 0 0 0 0 0 0 0 0 0 0 0 0 0 0 0 0 0 0 0 0 0 0
112 0 0 0 0 0 0 0 0 0 0 0 0 0 0 0 0 0 0 0 0 0 0 0 0 0 0 0 0 0 0 0 0 0 0 0 0 0 0 0 0 0 0 0 0 0 0 0 0 0 0 0 0 0 0 0 0 0 0 0 0 0 0 0 0 0 0 0 0 0 0 0 0 0 0 0 0 0 0 0 0 0 0 0 0 0 0 0 0 0 0 0 0 0 0 0 0 0 0 0 0 0 0 0 0 0 0 0
113 0 0 0 0 0 0 0 0 0 0 0 0 0 0 0 0 0 0 0 0 0 0 0 0 0 0 0 0 0 0 0 0 0 0 0 0 0 0 0 0 0 0 0 0 0 0 0 0 0 0 0 0 0 0 0 0 0 0 0 0 0 0 0 0 0 0 0 0 0 0 0 0 0 0 0 0 0 0 0 0 0 0 0 0 0 0 0 0 0 0 0 0 0 0 0 0 0 0 0 0 0 0 0 0 0 0 0
114 0 0 0 0 0 0 0 0 0 0 0 0 0 0 0 0 0 0 0 0 0 0 0 0 0 0 0 0 0 0 0 0 0 0 0 0 0 0 0 0 0 0 0 0 0 0 0 0 0 0 0 0 0 0 0 0 0 0 0 0 0 0 0 0 0 0 0 0 0 0 0 0 0 0 0 0 0 0 0 0 0 0 0 0 0 0 0 0 0 0 0 0 0 0 0 0 0 0 0 0 0 0 0 0 0 0 0
115 0 0 0 0 0 0 0 0 0 0 0 0 0 0 0 0 0 0 0 0 0 0 0 0 0 0 0 0 0 0 0 0 0 0 0 0 0 0 0 0 0 0 0 0 0 0 0 0 0 0 0 0 0 0 0 0 0 0 0 0 0 0 0 0 0 0 0 0 0 0 0 0 0 0 0 0 0 0 0 0 0 0 0 0 0 0 0 0 0 0 0 0 0 0 0 0 0 0 0 0 0 0 0 0 0 0 0
116 0 0 0 0 0 0 0 0 0 0 0 0 0 0 0 0 0 0 0 0 0 0 0 0 0 0 0 0 0 0 0 0 0 0 0 0 0 0 0 0 0 0 0 0 0 0 0 0 0 0 0 0 0 0 0 0 0 0 0 0 0 0 0 0 0 0 0 0 0 0 0 0 0 0 0 0 0 0 0 0 0 0 0 0 0 0 0 0 0 0 0 0 0 0 0 0 0 0 0 0 0 0 0 0 0 0 0
117 0 0 0 0 0 0 0 0 0 0 0 0 0 0 0 0 0 0 0 0 0 0 0 0 0 0 0 0 0 0 0 0 0 0 0 0 0 0 0 0 0 0 0 0 0 0 0 0 0 0 0 0 0 0 0 0 0 0 0 0 0 0 0 0 0 0 0 0 0 0 0 0 0 0 0 0 0 0 0 0 0 0 0 0 0 0 0 0 0 0 0 0 0 0 0 0 0 0 0 0 0 0 0 0 0 0 0
118 0 0 0 0 0 0 0 0 0 0 0 0 0 0 0 0 0 0 0 0 0 0 0 0 0 0 0 0 0 0 0 0 0 0 0 0 0 0 0 0 0 0 0 0 0 0 0 0 0 0 0 0 0 0 0 0 0 0 0 0 0 0 0 0 0 0 0 0 0 0 0 0 0 0 0 0 0 0 0 0 0 0 0 0 0 0 0 0 0 0 0 0 0 0 0 0 0 0 0 0 0 0 0 0 0 0 0
119 0 0 0 0 0 0 0 0 0 0 0 0 0 0 0 0 0 0 0 0 0 0 0 0 0 0 0 0 0 0 0 0 0 0 0 0 0 0 0 0 0 0 0 0 0 0 0 0 0 0 0 0 0 0 0 0 0 0 0 0 0 0 0 0 0 0 0 0 0 0 0 0 0 0 0 0 0 0 0 0 0 0 0 0 0 0 0 0 0 0 0 0 0 0 0 0 0 0 0 0 0 0 0 0 0 0 0
120 0 0 0 0 0 0 0 0 0 0 0 0 0 0 0 0 0 0 0 0 0 0 0 0 0 0 0 0 0 0 0 0 0 0 0 0 0 0 0 0 0 0 0 0 0 0 0 0 0 0 0 0 0 0 0 0 0 0 0 0 0 0 0 0 0 0 0 0 0 0 0 0 0 0 0 0 0 0 0 0 0 0 0 0 0 0 0 0 0 0 0 0 0 0 0 0 0 0 0 0 0 0 0 0 0 0 0
121 0 0 0 0 0 0 0 0 0 0 0 0 0 0 0 0 0 0 0 0 0 0 0 0 0 0 0 0 0 0 0 0 0 0 0 0 0 0 0 0 0 0 0 0 0 0 0 0 0 0 0 0 0 0 0 0 0 0 0 0 0 0 0 0 0 0 0 0 0 0 0 0 0 0 0 0 0 0 0 0 0 0 0 0 0 0 0 0 0 0 0 0 0 0 0 0 0 0 0 0 0 0 0 0 0 0 0
122 0 0 0 0 0 0 0 0 0 0 0 0 0 0 0 0 0 0 0 0 0 0 0 0 0 0 0 0 0 0 0 0 0 0 0 0 0 0 0 0 0 0 0 0 0 0 0 0 0 0 0 0 0 0 0 0 0 0 0 0 0 0 0 0 0 0 0 0 0 0 0 0 0 0 0 0 0 0 0 0 0 0 0 0 0 0 0 0 0 0 0 0 0 0 0 0 0 0 0 0 0 0 0 0 0 0 0
123 0 0 0 0 0 0 0 0 0 0 0 0 0 0 0 0 0 0 0 0 0 0 0 0 0 0 0 0 0 0 0 0 0 0 0 0 0 0 0 0 0 0 0 0 0 0 0 0 0 0 0 0 0 0 0 0 0 0 0 0 0 0 0 0 0 0 0 0 0 0 0 0 0 0 0 0 0 0 0 0 0 0 0 0 0 0 0 0 0 0 0 0 0 0 0 0 0 0 0 0 0 0 0 0 0 0 0
124 0 0 0 0 0 0 0 0 0 0 0 0 0 0 0 0 0 0 0 0 0 0 0 0 0 0 0 0 0 0 0 0 0 0 0 0 0 0 0 0 0 0 0 0 0 0 0 0 0 0 0 0 0 0 0 0 0 0 0 0 0 0 0 0 0 0 0 0 0 0 0 0 0 0 0 0 0 0 0 0 0 0 0 0 0 0 0 0 0 0 0 0 0 0 0 0 0 0 0 0 0 0 0 0 0 0 0
125 0 0 0 0 0 0 0 0 0 0 0 0 0 0 0 0 0 0 0 0 0 0 0 0 0 0 0 0 0 0 0 0 0 0 0 0 0 0 0 0 0 0 0 0 0 0 0 0 0 0 0 0 0 0 0 0 0 0 0 0 0 0 0 0 0 0 0 0 0 0 0 0 0 0 0 0 0 0 0 0 0 0 0 0 0 0 0 0 0 0 0 0 0 0 0 0 0 0 0 0 0 0 0 0 0 0 0
126 127 128 129 130 131 132 133 134 135 136 137 138 139 140 141 142 143 144 145 146 147 148 149 150 151 152 153 154 155 156 157 158 159 160 161 162 163 164 165 166 167 168 169 170 171 172 173 174 175 176 177 178 179 180 181 182 183 184 185 186 187 188 0 0 0 0 0 0 0 0 0 0 0 0 0 0 0 0 0 0 0 0 0 0 0 0 0 0 0 0 0 0 0 0 0 0 0 0 0 0 0 0 0 0 0 0 0
126 0 0 0 0 0 0 0 0 0 0 0 0 0 0 0 0 0 0 0 0 0 0 0 0 0 0 0 0 0 0 0 0 0 0 0 0 0 0 0 0 0 0 0 0 0 0 0 0 0 0 0 0 0 0 0 0 0 0 0 0 0 0 0 0 0 0 0 0 0 0 0 0 0 0 0 0 0 0 0 0 0 0 0 0 0 0 0 0 0 0 0 0 0 0 0 0 0 0 0 0 0 0 0 0 0 0 0
127 0 0 0 0 0 0 0 0 0 0 0 0 0 0 0 0 0 0 0 0 0 0 0 0 0 0 0 0 0 0 0 0 0 0 0 0 0 0 0 0 0 0 0 0 0 0 0 0 0 0 0 0 0 0 0 0 0 0 0 0 0 0 0 0 0 0 0 0 0 0 0 0 0 0 0 0 0 0 0 0 0 0 0 0 0 0 0 0 0 0 0 0 0 0 0 0 0 0 0 0 0 0 0 0 0 0 0
128 0 0 0 0 0 0 0 0 0 0 0 0 0 0 0 0 0 0 0 0 0 0 0 0 0 0 0 0 0 0 0 0 0 0 0 0 0 0 0 0 0 0 0 0 0 0 0 0 0 0 0 0 0 0 0 0 0 0 0 0 0 0 0 0 0 0 0 0 0 0 0 0 0 0 0 0 0 0 0 0 0 0 0 0 0 0 0 0 0 0 0 0 0 0 0 0 0 0 0 0 0 0 0 0 0 0 0
129 0 0 0 0 0 0 0 0 0 0 0 0 0 0 0 0 0 0 0 0 0 0 0 0 0 0 0 0 0 0 0 0 0 0 0 0 0 0 0 0 0 0 0 0 0 0 0 0 0 0 0 0 0 0 0 0 0 0 0 0 0 0 0 0 0 0 0 0 0 0 0 0 0 0 0 0 0 0 0 0 0 0 0 0 0 0 0 0 0 0 0 0 0 0 0 0 0 0 0 0 0 0 0 0 0 0 0
130 0 0 0 0 0 0 0 0 0 0 0 0 0 0 0 0 0 0 0 0 0 0 0 0 0 0 0 0 0 0 0 0 0 0 0 0 0 0 0 0 0 0 0 0 0 0 0 0 0 0 0 0 0 0 0 0 0 0 0 0 0 0 0 0 0 0 0 0 0 0 0 0 0 0 0 0 0 0 0 0 0 0 0 0 0 0 0 0 0 0 0 0 0 0 0 0 0 0 0 0 0 0 0 0 0 0 0
131 0 0 0 0 0 0 0 0 0 0 0 0 0 0 0 0 0 0 0 0 0 0 0 0 0 0 0 0 0 0 0 0 0 0 0 0 0 0 0 0 0 0 0 0 0 0 0 0 0 0 0 0 0 0 0 0 0 0 0 0 0 0 0 0 0 0 0 0 0 0 0 0 0 0 0 0 0 0 0 0 0 0 0 0 0 0 0 0 0 0 0 0 0 0 0 0 0 0 0 0 0 0 0 0 0 0 0
132 0 0 0 0 0 0 0 0 0 0 0 0 0 0 0 0 0 0 0 0 0 0 0 0 0 0 0 0 0 0 0 0 0 0 0 0 0 0 0 0 0 0 0 0 0 0 0 0 0 0 0 0 0 0 0 0 0 0 0 0 0 0 0 0 0 0 0 0 0 0 0 0 0 0 0 0 0 0 0 0 0 0 0 0 0 0 0 0 0 0 0 0 0 0 0 0 0 0 0 0 0 0 0 0 0 0 0
133 0 0 0 0 0 0 0 0 0 0 0 0 0 0 0 0 0 0 0 0 0 0 0 0 0 0 0 0 0 0 0 0 0 0 0 0 0 0 0 0 0 0 0 0 0 0 0 0 0 0 0 0 0 0 0 0 0 0 0 0 0 0 0 0 0 0 0 0 0 0 0 0 0 0 0 0 0 0 0 0 0 0 0 0 0 0 0 0 0 0 0 0 0 0 0 0 0 0 0 0 0 0 0 0 0 0 0
134 0 0 0 0 0 0 0 0 0 0 0 0 0 0 0 0 0 0 0 0 0 0 0 0 0 0 0 0 0 0 0 0 0 0 0 0 0 0 0 0 0 0 0 0 0 0 0 0 0 0 0 0 0 0 0 0 0 0 0 0 0 0 0 0 0 0 0 0 0 0 0 0 0 0 0 0 0 0 0 0 0 0 0 0 0 0 0 0 0 0 0 0 0 0 0 0 0 0 0 0 0 0 0 0 0 0 0
135 0 0 0 0 0 0 0 0 0 0 0 0 0 0 0 0 0 0 0 0 0 0 0 0 0 0 0 0 0 0 0 0 0 0 0 0 0 0 0 0 0 0 0 0 0 0 0 0 0 0 0 0 0 0 0 0 0 0 0 0 0 0 0 0 0 0 0 0 0 0 0 0 0 0 0 0 0 0 0 0 0 0 0 0 0 0 0 0 0 0 0 0 0 0 0 0 0 0 0 0 0 0 0 0 0 0 0
136 0 0 0 0 0 0 0 0 0 0 0 0 0 0 0 0 0 0 0 0 0 0 0 0 0 0 0 0 0 0 0 0 0 0 0 0 0 0 0 0 0 0 0 0 0 0 0 0 0 0 0 0 0 0 0 0 0 0 0 0 0 0 0 0 0 0 0 0 0 0 0 0 0 0 0 0 0 0 0 0 0 0 0 0 0 0 0 0 0 0 0 0 0 0 0 0 0 0 0 0 0 0 0 0 0 0 0
137 0 0 0 0 0 0 0 0 0 0 0 0 0 0 0 0 0 0 0 0 0 0 0 0 0 0 0 0 0 0 0 0 0 0 0 0 0 0 0 0 0 0 0 0 0 0 0 0 0 0 0 0 0 0 0 0 0 0 0 0 0 0 0 0 0 0 0 0 0 0 0 0 0 0 0 0 0 0 0 0 0 0 0 0 0 0 0 0 0 0 0 0 0 0 0 0 0 0 0 0 0 0 0 0 0 0 0
138 0 0 0 0 0 0 0 0 0 0 0 0 0 0 0 0 0 0 0 0 0 0 0 0 0 0 0 0 0 0 0 0 0 0 0 0 0 0 0 0 0 0 0 0 0 0 0 0 0 0 0 0 0 0 0 0 0 0 0 0 0 0 0 0 0 0 0 0 0 0 0 0 0 0 0 0 0 0 0 0 0 0 0 0 0 0 0 0 0 0 0 0 0 0 0 0 0 0 0 0 0 0 0 0 0 0 0
139 0 0 0 0 0 0 0 0 0 0 0 0 0 0 0 0 0 0 0 0 0 0 0 0 0 0 0 0 0 0 0 0 0 0 0 0 0 0 0 0 0 0 0 0 0 0 0 0 0 0 0 0 0 0 0 0 0 0 0 0 0 0 0 0 0 0 0 0 0 0 0 0 0 0 0 0 0 0 0 0 0 0 0 0 0 0 0 0 0 0 0 0 0 0 0 0 0 0 0 0 0 0 0 0 0 0 0
140 0 0 0 0 0 0 0 0 0 0 0 0 0 0 0 0 0 0 0 0 0 0 0 0 0 0 0 0 0 0 0 0 0 0 0 0 0 0 0 0 0 0 0 0 0 0 0 0 0 0 0 0 0 0 0 0 0 0 0 0 0 0 0 0 0 0 0 0 0 0 0 0 0 0 0 0 0 0 0 0 0 0 0 0 0 0 0 0 0 0 0 0 0 0 0 0 0 0 0 0 0 0 0 0 0 0 0
141 0 0 0 0 0 0 0 0 0 0 0 0 0 0 0 0 0 0 0 0 0 0 0 0 0 0 0 0 0 0 0 0 0 0 0 0 0 0 0 0 0 0 0 0 0 0 0 0 0 0 0 0 0 0 0 0 0 0 0 0 0 0 0 0 0 0 0 0 0 0 0 0 0 0 0 0 0 0 0 0 0 0 0 0 0 0 0 0 0 0 0 0 0 0 0 0 0 0 0 0 0 0 0 0 0 0 0
142 0 0 0 0 0 0 0 0 0 0 0 0 0 0 0 0 0 0 0 0 0 0 0 0 0 0 0 0 0 0 0 0 0 0 0 0 0 0 0 0 0 0 0 0 0 0 0 0 0 0 0 0 0 0 0 0 0 0 0 0 0 0 0 0 0 0 0 0 0 0 0 0 0 0 0 0 0 0 0 0 0 0 0 0 0 0 0 0 0 0 0 0 0 0 0 0 0 0 0 0 0 0 0 0 0 0 0
143 0 0 0 0 0 0 0 0 0 0 0 0 0 0 0 0 0 0 0 0 0 0 0 0 0 0 0 0 0 0 0 0 0 0 0 0 0 0 0 0 0 0 0 0 0 0 0 0 0 0 0 0 0 0 0 0 0 0 0 0 0 0 0 0 0 0 0 0 0 0 0 0 0 0 0 0 0 0 0 0 0 0 0 0 0 0 0 0 0 0 0 0 0 0 0 0 0 0 0 0 0 0 0 0 0 0 0
144 0 0 0 0 0 0 0 0 0 0 0 0 0 0 0 0 0 0 0 0 0 0 0 0 0 0 0 0 0 0 0 0 0 0 0 0 0 0 0 0 0 0 0 0 0 0 0 0 0 0 0 0 0 0 0 0 0 0 0 0 0 0 0 0 0 0 0 0 0 0 0 0 0 0 0 0 0 0 0 0 0 0 0 0 0 0 0 0 0 0 0 0 0 0 0 0 0 0 0 0 0 0 0 0 0 0 0
145 0 0 0 0 0 0 0 0 0 0 0 0 0 0 0 0 0 0 0 0 0 0 0 0 0 0 0 0 0 0 0 0 0 0 0 0 0 0 0 0 0 0 0 0 0 0 0 0 0 0 0 0 0 0 0 0 0 0 0 0 0 0 0 0 0 0 0 0 0 0 0 0 0 0 0 0 0 0 0 0 0 0 0 0 0 0 0 0 0 0 0 0 0 0 0 0 0 0 0 0 0 0 0 0 0 0 0
146 0 0 0 0 0 0 0 0 0 0 0 0 0 0 0 0 0 0 0 0 0 0 0 0 0 0 0 0 0 0 0 0 0 0 0 0 0 0 0 0 0 0 0 0 0 0 0 0 0 0 0 0 0 0 0 0 0 0 0 0 0 0 0 0 0 0 0 0 0 0 0 0 0 0 0 0 0 0 0 0 0 0 0 0 0 0 0 0 0 0 0 0 0 0 0 0 0 0 0 0 0 0 0 0 0 0 0
147 0 0 0 0 0 0 0 0 0 0 0 0 0 0 0 0 0 0 0 0 0 0 0 0 0 0 0 0 0 0 0 0 0 0 0 0 0 0 0 0 0 0 0 0 0 0 0 0 0 0 0 0 0 0 0 0 0 0 0 0 0 0 0 0 0 0 0 0 0 0 0 0 0 0 0 0 0 0 0 0 0 0 0 0 0 0 0 0 0 0 0 0 0 0 0 0 0 0 0 0 0 0 0 0 0 0 0
148 0 0 0 0 0 0 0 0 0 0 0 0 0 0 0 0 0 0 0 0 0 0 0 0 0 0 0 0 0 0 0 0 0 0 0 0 0 0 0 0 0 0 0 0 0 0 0 0 0 0 0 0 0 0 0 0 0 0 0 0 0 0 0 0 0 0 0 0 0 0 0 0 0 0 0 0 0 0 0 0 0 0 0 0 0 0 0 0 0 0 0 0 0 0 0 0 0 0 0 0 0 0 0 0 0 0 0
149 0 0 0 0 0 0 0 0 0 0 0 0 0 0 0 0 0 0 0 0 0 0 0 0 0 0 0 0 0 0 0 0 0 0 0 0 0 0 0 0 0 0 0 0 0 0 0 0 0 0 0 0 0 0 0 0 0 0 0 0 0 0 0 0 0 0 0 0 0 0 0 0 0 0 0 0 0 0 0 0 0 0 0 0 0 0 0 0 0 0 0 0 0 0 0 0 0 0 0 0 0 0 0 0 0 0 0
150 0 0 0 0 0 0 0 0 0 0 0 0 0 0 0 0 0 0 0 0 0 0 0 0 0 0 0 0 0 0 0 0 0 0 0 0 0 0 0 0 0 0 0 0 0 0 0 0 0 0 0 0 0 0 0 0 0 0 0 0 0 0 0 0 0 0 0 0 0 0 0 0 0 0 0 0 0 0 0 0 0 0 0 0 0 0 0 0 0 0 0 0 0 0 0 0 0 0 0 0 0 0 0 0 0 0 0
151 0 0 0 0 0 0 0 0 0 0 0 0 0 0 0 0 0 0 0 0 0 0 0 0 0 0 0 0 0 0 0 0 0 0 0 0 0 0 0 0 0 0 0 0 0 0 0 0 0 0 0 0 0 0 0 0 0 0 0 0 0 0 0 0 0 0 0 0 0 0 0 0 0 0 0 0 0 0 0 0 0 0 0 0 0 0 0 0 0 0 0 0 0 0 0 0 0 0 0 0 0 0 0 0 0 0 0
152 0 0 0 0 0 0 0 0 0 0 0 0 0 0 0 0 0 0 0 0 0 0 0 0 0 0 0 0 0 0 0 0 0 0 0 0 0 0 0 0 0 0 0 0 0 0 0 0 0 0 0 0 0 0 0 0 0 0 0 0 0 0 0 0 0 0 0 0 0 0 0 0 0 0 0 0 0 0 0 0 0 0 0 0 0 0 0 0 0 0 0 0 0 0 0 0 0 0 0 0 0 0 0 0 0 0 0
153 0 0 0 0 0 0 0 0 0 0 0 0 0 0 0 0 0 0 0 0 0 0 0 0 0 0 0 0 0 0 0 0 0 0 0 0 0 0 0 0 0 0 0 0 0 0 0 0 0 0 0 0 0 0 0 0 0 0 0 0 0 0 0 0 0 0 0 0 0 0 0 0 0 0 0 0 0 0 0 0 0 0 0 0 0 0 0 0 0 0 0 0 0 0 0 0 0 0 0 0 0 0 0 0 0 0 0
154 0 0 0 0 0 0 0 0 0 0 0 0 0 0 0 0 0 0 0 0 0 0 0 0 0 0 0 0 0 0 0 0 0 0 0 0 0 0 0 0 0 0 0 0 0 0 0 0 0 0 0 0 0 0 0 0 0 0 0 0 0 0 0 0 0 0 0 0 0 0 0 0 0 0 0 0 0 0 0 0 0 0 0 0 0 0 0 0 0 0 0 0 0 0 0 0 0 0 0 0 0 0 0 0 0 0 0
155 0 0 0 0 0 0 0 0 0 0 0 0 0 0 0 0 0 0 0 0 0 0 0 0 0 0 0 0 0 0 0 0 0 0 0 0 0 0 0 0 0 0 0 0 0 0 0 0 0 0 0 0 0 0 0 0 0 0 0 0 0 0 0 0 0 0 0 0 0 0 0 0 0 0 0 0 0 0 0 0 0 0 0 0 0 0 0 0 0 0 0 0 0 0 0 0 0 0 0 0 0 0 0 0 0 0 0
156 0 0 0 0 0 0 0 0 0 0 0 0 0 0 0 0 0 0 0 0 0 0 0 0 0 0 0 0 0 0 0 0 0 0 0 0 0 0 0 0 0 0 0 0 0 0 0 0 0 0 0 0 0 0 0 0 0 0 0 0 0 0 0 0 0 0 0 0 0 0 0 0 0 0 0 0 0 0 0 0 0 0 0 0 0 0 0 0 0 0 0 0 0 0 0 0 0 0 0 0 0 0 0 0 0 0 0
157 0 0 0 0 0 0 0 0 0 0 0 0 0 0 0 0 0 0 0 0 0 0 0 0 0 0 0 0 0 0 0 0 0 0 0 0 0 0 0 0 0 0 0 0 0 0 0 0 0 0 0 0 0 0 0 0 0 0 0 0 0 0 0 0 0 0 0 0 0 0 0 0 0 0 0 0 0 0 0 0 0 0 0 0 0 0 0 0 0 0 0 0 0 0 0 0 0 0 0 0 0 0 0 0 0 0 0
158 0 0 0 0 0 0 0 0 0 0 0 0 0 0 0 0 0 0 0 0 0 0 0 0 0 0 0 0 0 0 0 0 0 0 0 0 0 0 0 0 0 0 0 0 0 0 0 0 0 0 0 0 0 0 0 0 0 0 0 0 0 0 0 0 0 0 0 0 0 0 0 0 0 0 0 0 0 0 0 0 0 0 0 0 0 0 0 0 0 0 0 0 0 0 0 0 0 0 0 0 0 0 0 0 0 0 0
159 0 0 0 0 0 0 0 0 0 0 0 0 0 0 0 0 0 0 0 0 0 0 0 0 0 0 0 0 0 0 0 0 0 0 0 0 0 0 0 0 0 0 0 0 0 0 0 0 0 0 0 0 0 0 0 0 0 0 0 0 0 0 0 0 0 0 0 0 0 0 0 0 0 0 0 0 0 0 0 0 0 0 0 0 0 0 0 0 0 0 0 0 0 0 0 0 0 0 0 0 0 0 0 0 0 0 0
160 0 0 0 0 0 0 0 0 0 0 0 0 0 0 0 0 0 0 0 0 0 0 0 0 0 0 0 0 0 0 0 0 0 0 0 0 0 0 0 0 0 0 0 0 0 0 0 0 0 0 0 0 0 0 0 0 0 0 0 0 0 0 0 0 0 0 0 0 0 0 0 0 0 0 0 0 0 0 0 0 0 0 0 0 0 0 0 0 0 0 0 0 0 0 0 0 0 0 0 0 0 0 0 0 0 0 0
161 0 0 0 0 0 0 0 0 0 0 0 0 0 0 0 0 0 0 0 0 0 0 0 0 0 0 0 0 0 0 0 0 0 0 0 0 0 0 0 0 0 0 0 0 0 0 0 0 0 0 0 0 0 0 0 0 0 0 0 0 0 0 0 0 0 0 0 0 0 0 0 0 0 0 0 0 0 0 0 0 0 0 0 0 0 0 0 0 0 0 0 0 0 0 0 0 0 0 0 0 0 0 0 0 0 0 0
162 0 0 0 0 0 0 0 0 0 0 0 0 0 0 0 0 0 0 0 0 0 0 0 0 0 0 0 0 0 0 0 0 0 0 0 0 0 0 0 0 0 0 0 0 0 0 0 0 0 0 0 0 0 0 0 0 0 0 0 0 0 0 0 0 0 0 0 0 0 0 0 0 0 0 0 0 0 0 0 0 0 0 0 0 0 0 0 0 0 0 0 0 0 0 0 0 0 0 0 0 0 0 0 0 0 0 0
163 0 0 0 0 0 0 0 0 0 0 0 0 0 0 0 0 0 0 0 0 0 0 0 0 0 0 0 0 0 0 0 0 0 0 0 0 0 0 0 0 0 0 0 0 0 0 0 0 0 0 0 0 0 0 0 0 0 0 0 0 0 0 0 0 0 0 0 0 0 0 0 0 0 0 0 0 0 0 0 0 0 0 0 0 0 0 0 0 0 0 0 0 0 0 0 0 0 0 0 0 0 0 0 0 0 0 0
164 0 0 0 0 0 0 0 0 0 0 0 0 0 0 0 0 0 0 0 0 0 0 0 0 0 0 0 0 0 0 0 0 0 0 0 0 0 0 0 0 0 0 0 0 0 0 0 0 0 0 0 0 0 0 0 0 0 0 0 0 0 0 0 0 0 0 0 0 0 0 0 0 0 0 0 0 0 0 0 0 0 0 0 0 0 0 0 0 0 0 0 0 0 0 0 0 0 0 0 0 0 0 0 0 0 0 0
165 0 0 0 0 0 0 0 0 0 0 0 0 0 0 0 0 0 0 0 0 0 0 0 0 0 0 0 0 0 0 0 0 0 0 0 0 0 0 0 0 0 0 0 0 0 0 0 0 0 0 0 0 0 0 0 0 0 0 0 0 0 0 0 0 0 0 0 0 0 0 0 0 0 0 0 0 0 0 0 0 0 0 0 0 0 0 0 0 0 0 0 0 0 0 0 0 0 0 0 0 0 0 0 0 0 0 0
166 0 0 0 0 0 0 0 0 0 0 0 0 0 0 0 0 0 0 0 0 0 0 0 0 0 0 0 0 0 0 0 0 0 0 0 0 0 0 0 0 0 0 0 0 0 0 0 0 0 0 0 0 0 0 0 0 0 0 0 0 0 0 0 0 0 0 0 0 0 0 0 0 0 0 0 0 0 0 0 0 0 0 0 0 0 0 0 0 0 0 0 0 0 0 0 0 0 0 0 0 0 0 0 0 0 0 0
167 0 0 0 0 0 0 0 0 0 0 0 0 0 0 0 0 0 0 0 0 0 0 0 0 0 0 0 0 0 0 0 0 0 0 0 0 0 0 0 0 0 0 0 0 0 0 0 0 0 0 0 0 0 0 0 0 0 0 0 0 0 0 0 0 0 0 0 0 0 0 0 0 0 0 0 0 0 0 0 0 0 0 0 0 0 0 0 0 0 0 0 0 0 0 0 0 0 0 0 0 0 0 0 0 0 0 0
168 0 0 0 0 0 0 0 0 0 0 0 0 0 0 0 0 0 0 0 0 0 0 0 0 0 0 0 0 0 0 0 0 0 0 0 0 0 0 0 0 0 0 0 0 0 0 0 0 0 0 0 0 0 0 0 0 0 0 0 0 0 0 0 0 0 0 0 0 0 0 0 0 0 0 0 0 0 0 0 0 0 0 0 0 0 0 0 0 0 0 0 0 0 0 0 0 0 0 0 0 0 0 0 0 0 0 0
169 0 0 0 0 0 0 0 0 0 0 0 0 0 0 0 0 0 0 0 0 0 0 0 0 0 0 0 0 0 0 0 0 0 0 0 0 0 0 0 0 0 0 0 0 0 0 0 0 0 0 0 0 0 0 0 0 0 0 0 0 0 0 0 0 0 0 0 0 0 0 0 0 0 0 0 0 0 0 0 0 0 0 0 0 0 0 0 0 0 0 0 0 0 0 0 0 0 0 0 0 0 0 0 0 0 0 0
170 0 0 0 0 0 0 0 0 0 0 0 0 0 0 0 0 0 0 0 0 0 0 0 0 0 0 0 0 0 0 0 0 0 0 0 0 0 0 0 0 0 0 0 0 0 0 0 0 0 0 0 0 0 0 0 0 0 0 0 0 0 0 0 0 0 0 0 0 0 0 0 0 0 0 0 0 0 0 0 0 0 0 0 0 0 0 0 0 0 0 0 0 0 0 0 0 0 0 0 0 0 0 0 0 0 0 0
171 0 0 0 0 0 0 0 0 0 0 0 0 0 0 0 0 0 0 0 0 0 0 0 0 0 0 0 0 0 0 0 0 0 0 0 0 0 0 0 0 0 0 0 0 0 0 0 0 0 0 0 0 0 0 0 0 0 0 0 0 0 0 0 0 0 0 0 0 0 0 0 0 0 0 0 0 0 0 0 0 0 0 0 0 0 0 0 0 0 0 0 0 0 0 0 0 0 0 0 0 0 0 0 0 0 0 0
172 0 0 0 0 0 0 0 0 0 0 0 0 0 0 0 0 0 0 0 0 0 0 0 0 0 0 0 0 0 0 0 0 0 0 0 0 0 0 0 0 0 0 0 0 0 0 0 0 0 0 0 0 0 0 0 0 0 0 0 0 0 0 0 0 0 0 0 0 0 0 0 0 0 0 0 0 0 0 0 0 0 0 0 0 0 0 0 0 0 0 0 0 0 0 0 0 0 0 0 0 0 0 0 0 0 0 0
173 0 0 0 0 0 0 0 0 0 0 0 0 0 0 0 0 0 0 0 0 0 0 0 0 0 0 0 0 0 0 0 0 0 0 0 0 0 0 0 0 0 0 0 0 0 0 0 0 0 0 0 0 0 0 0 0 0 0 0 0 0 0 0 0 0 0 0 0 0 0 0 0 0 0 0 0 0 0 0 0 0 0 0 0 0 0 0 0 0 0 0 0 0 0 0 0 0 0 0 0 0 0 0 0 0 0 0
174 0 0 0 0 0 0 0 0 0 0 0 0 0 0 0 0 0 0 0 0 0 0 0 0 0 0 0 0 0 0 0 0 0 0 0 0 0 0 0 0 0 0 0 0 0 0 0 0 0 0 0 0 0 0 0 0 0 0 0 0 0 0 0 0 0 0 0 0 0 0 0 0 0 0 0 0 0 0 0 0 0 0 0 0 0 0 0 0 0 0 0 0 0 0 0 0 0 0 0 0 0 0 0 0 0 0 0
175 0 0 0 0 0 0 0 0 0 0 0 0 0 0 0 0 0 0 0 0 0 0 0 0 0 0 0 0 0 0 0 0 0 0 0 0 0 0 0 0 0 0 0 0 0 0 0 0 0 0 0 0 0 0 0 0 0 0 0 0 0 0 0 0 0 0 0 0 0 0 0 0 0 0 0 0 0 0 0 0 0 0 0 0 0 0 0 0 0 0 0 0 0 0 0 0 0 0 0 0 0 0 0 0 0 0 0
176 0 0 0 0 0 0 0 0 0 0 0 0 0 0 0 0 0 0 0 0 0 0 0 0 0 0 0 0 0 0 0 0 0 0 0 0 0 0 0 0 0 0 0 0 0 0 0 0 0 0 0 0 0 0 0 0 0 0 0 0 0 0 0 0 0 0 0 0 0 0 0 0 0 0 0 0 0 0 0 0 0 0 0 0 0 0 0 0 0 0 0 0 0 0 0 0 0 0 0 0 0 0 0 0 0 0 0
177 0 0 0 0 0 0 0 0 0 0 0 0 0 0 0 0 0 0 0 0 0 0 0 0 0 0 0 0 0 0 0 0 0 0 0 0 0 0 0 0 0 0 0 0 0 0 0 0 0 0 0 0 0 0 0 0 0 0 0 0 0 0 0 0 0 0 0 0 0 0 0 0 0 0 0 0 0 0 0 0 0 0 0 0 0 0 0 0 0 0 0 0 0 0 0 0 0 0 0 0 0 0 0 0 0 0 0
178 0 0 0 0 0 0 0 0 0 0 0 0 0 0 0 0 0 0 0 0 0 0 0 0 0 0 0 0 0 0 0 0 0 0 0 0 0 0 0 0 0 0 0 0 0 0 0 0 0 0 0 0 0 0 0 0 0 0 0 0 0 0 0 0 0 0 0 0 0 0 0 0 0 0 0 0 0 0 0 0 0 0 0 0 0 0 0 0 0 0 0 0 0 0 0 0 0 0 0 0 0 0 0 0 0 0 0
179 0 0 0 0 0 0 0 0 0 0 0 0 0 0 0 0 0 0 0 0 0 0 0 0 0 0 0 0 0 0 0 0 0 0 0 0 0 0 0 0 0 0 0 0 0 0 0 0 0 0 0 0 0 0 0 0 0 0 0 0 0 0 0 0 0 0 0 0 0 0 0 0 0 0 0 0 0 0 0 0 0 0 0 0 0 0 0 0 0 0 0 0 0 0 0 0 0 0 0 0 0 0 0 0 0 0 0
180 0 0 0 0 0 0 0 0 0 0 0 0 0 0 0 0 0 0 0 0 0 0 0 0 0 0 0 0 0 0 0 0 0 0 0 0 0 0 0 0 0 0 0 0 0 0 0 0 0 0 0 0 0 0 0 0 0 0 0 0 0 0 0 0 0 0 0 0 0 0 0 0 0 0 0 0 0 0 0 0 0 0 0 0 0 0 0 0 0 0 0 0 0 0 0 0 0 0 0 0 0 0 0 0 0 0 0
181 0 0 0 0 0 0 0 0 0 0 0 0 0 0 0 0 0 0 0 0 0 0 0 0 0 0 0 0 0 0 0 0 0 0 0 0 0 0 0 0 0 0 0 0 0 0 0 0 0 0 0 0 0 0 0 0 0 0 0 0 0 0 0 0 0 0 0 0 0 0 0 0 0 0 0 0 0 0 0 0 0 0 0 0 0 0 0 0 0 0 0 0 0 0 0 0 0 0 0 0 0 0 0 0 0 0 0
182 0 0 0 0 0 0 0 0 0 0 0 0 0 0 0 0 0 0 0 0 0 0 0 0 0 0 0 0 0 0 0 0 0 0 0 0 0 0 0 0 0 0 0 0 0 0 0 0 0 0 0 0 0 0 0 0 0 0 0 0 0 0 0 0 0 0 0 0 0 0 0 0 0 0 0 0 0 0 0 0 0 0 0 0 0 0 0 0 0 0 0 0 0 0 0 0 0 0 0 0 0 0 0 0 0 0 0
183 0 0 0 0 0 0 0 0 0 0 0 0 0 0 0 0 0 0 0 0 0 0 0 0 0 0 0 0 0 0 0 0 0 0 0 0 0 0 0 0 0 0 0 0 0 0 0 0 0 0 0 0 0 0 0 0 0 0 0 0 0 0 0 0 0 0 0 0 0 0 0 0 0 0 0 0 0 0 0 0 0 0 0 0 0 0 0 0 0 0 0 0 0 0 0 0 0 0 0 0 0 0 0 0 0 0 0
184 0 0 0 0 0 0 0 0 0 0 0 0 0 0 0 0 0 0 0 0 0 0 0 0 0 0 0 0 0 0 0 0 0 0 0 0 0 0 0 0 0 0 0 0 0 0 0 0 0 0 0 0 0 0 0 0 0 0 0 0 0 0 0 0 0 0 0 0 0 0 0 0 0 0 0 0 0 0 0 0 0 0 0 0 0 0 0 0 0 0 0 0 0 0 0 0 0 0 0 0 0 0 0 0 0 0 0
185 0 0 0 0 0 0 0 0 0 0 0 0 0 0 0 0 0 0 0 0 0 0 0 0 0 0 0 0 0 0 0 0 0 0 0 0 0 0 0 0 0 0 0 0 0 0 0 0 0 0 0 0 0 0 0 0 0 0 0 0 0 0 0 0 0 0 0 0 0 0 0 0 0 0 0 0 0 0 0 0 0 0 0 0 0 0 0 0 0 0 0 0 0 0 0 0 0 0 0 0 0 0 0 0 0 0 0
186 0 0 0 0 0 0 0 0 0 0 0 0 0 0 0 0 0 0 0 0 0 0 0 0 0 0 0 0 0 0 0 0 0 0 0 0 0 0 0 0 0 0 0 0 0 0 0 0 0 0 0 0 0 0 0 0 0 0 0 0 0 0 0 0 0 0 0 0 0 0 0 0 0 0 0 0 0 0 0 0 0 0 0 0 0 0 0 0 0 0 0 0 0 0 0 0 0 0 0 0 0 0 0 0 0 0 0
187 0 0 0 0 0 0 0 0 0 0 0 0 0 0 0 0 0 0 0 0 0 0 0 0 0 0 0 0 0 0 0 0 0 0 0 0 0 0 0 0 0 0 0 0 0 0 0 0 0 0 0 0 0 0 0 0 0 0 0 0 0 0 0 0 0 0 0 0 0 0 0 0 0 0 0 0 0 0 0 0 0 0 0 0 0 0 0 0 0 0 0 0 0 0 0 0 0 0 0 0 0 0 0 0 0 0 0
188 0 0 0 0 0 0 0 0 0 0 0 0 0 0 0 0 0 0 0 0 0 0 0 0 0 0 0 0 0 0 0 0 0 0 0 0 0 0 0 0 0 0 0 0 0 0 0 0 0 0 0 0 0 0 0 0 0 0 0 0 0 0 0 0 0 0 0 0 0 0 0 0 0 0 0 0 0 0 0 0 0 0 0 0 0 0 0 0 0 0 0 0 0 0 0 0 0 0 0 0 0 0 0 0 0 0 0
189 0 0 0 0 0 0 0 0 0 0 0 0 0 0 0 0 0 0 0 0 0 0 0 0 0 0 0 0 0 0 0 0 0 0 0 0 0 0 0 0 0 0 0 0 0 0 0 0 0 0 0 0 0 0 0 0 0 0 0 0 0 0 0 0 0 0 0 0 0 0 0 0 0 0 0 0 0 0 0 0 0 0 0 0 0 0 0 0 0 0 0 0 0 0 0 0 0 0 0 0 0 0 0 0 0 0 0
1 2 3 4 5 6 7 8 9 10 11 12 13 14 15 16 17 18 19 20 21 22 23 24 25 26 27 28 29 30 31 32 0 0 0 0 0 0 0 0 0 0 0 0
5 6 7 8 9 10 11 12 17 18 19 20 25 26 27 28 33 34 35 36 37 38 39 40 0 0 0 0 0 0 0 0 0 0 0 0 0 0 0 0 0 0 0 0
3 4 5 6 11 12 13 14 17 18 21 22 25 26 29 30 33 34 35 36 41 42 43 44 0 0 0 0 0 0 0 0 0 0 0 0 0 0 0 0 0 0 0 0
1 4 5 8 10 11 14 15 18 20 22 24 25 27 29 31 33 34 37 38 41 42 45 46 0 0 0 0 0 0 0 0 0 0 0 0 0 0 0 0 0 0 0 0
2 4 6 8 9 11 13 15 17 18 19 20 21 22 23 24 33 35 37 39 41 43 45 47 0 0 0 0 0 0 0 0 0 0 0 0 0 0 0 0 0 0 0 0
9 10 11 12 13 14 15 16 17 20 22 23 25 28 30 31 33 36 38 39 42 43 45 48 0 0 0 0 0 0 0 0 0 0 0 0 0 0 0 0 0 0 0 0
1 4 6 7 10 12 14 16 18 19 21 24 25 27 29 31 35 36 37 38 51 52 53 54 0 0 0 0 0 0 0 0 0 0 0 0 0 0 0 0 0 0 0 0
2 3 6 7 9 11 14 16 18 19 22 23 26 28 29 31 35 36 37 38 49 50 55 56 0 0 0 0 0 0 0 0 0 0 0 0 0 0 0 0 0 0 0 0
2 4 6 7 9 11 13 16 17 19 21 24 26 28 30 31 33 34 41 42 49 50 57 58 0 0 0 0 0 0 0 0 0 0 0 0 0 0 0 0 0 0 0 0
3 4 6 7 11 12 13 16 17 18 21 24 25 26 30 31 34 36 41 43 50 52 57 59 0 0 0 0 0 0 0 0 0 0 0 0 0 0 0 0 0 0 0 0
1 3 5 6 10 12 13 14 18 20 21 22 25 27 29 30 33 36 42 43 50 51 57 60 0 0 0 0 0 0 0 0 0 0 0 0 0 0 0 0 0 0 0 0
2 3 4 6 7 8 9 10 12 15 18 19 20 22 23 24 25 26 28 31 33 34 36 39 41 45 49 50 52 55 57 61 0 0 0 0 0 0 0 0 0 0 0 0
1 2 3 7 9 14 19 21 22 23 26 29 35 37 38 39 42 45 49 50 51 55 57 62 0 0 0 0 0 0 0 0 0 0 0 0 0 0 0 0 0 0 0 0
1 3 4 5 6 7 9 10 11 13 15 16 17 18 19 21 23 24 25 27 28 29 30 31 33 39 43 45 51 53 57 63 0 0 0 0 0 0 0 0 0 0 0 0
1 2 3 5 10 11 12 13 14 15 17 24 25 26 27 29 34 35 36 37 38 39 41 42 43 45 49 50 51 53 57 64 0 0 0 0 0 0 0 0 0 0 0 0
1 2 5 6 7 8 9 10 11 12 13 14 17 18 19 20 23 24 25 26 27 28 29 30 35 36 37 38 49 50 51 52 65 66 67 68 0 0 0 0 0 0 0 0
1 2 5 7 13 16 17 20 23 24 27 28 30 31 33 34 41 42 49 51 53 55 65 66 69 70 0 0 0 0 0 0 0 0 0 0 0 0 0 0 0 0 0 0
6 8 9 11 21 22 23 24 33 35 41 43 65 67 69 71 0 0 0 0 0 0 0 0 0 0 0 0 0 0 0 0 0 0 0 0 0 0 0 0 0 0 0 0
3 4 7 8 9 12 13 16 17 19 23 24 30 31 34 36 37 38 42 43 50 52 53 55 66 67 69 72 0 0 0 0 0 0 0 0 0 0 0 0 0 0 0 0
2 5 6 8 11 14 17 18 20 21 22 24 26 30 33 34 35 36 37 39 41 43 49 51 53 55 65 66 73 74 0 0 0 0 0 0 0 0 0 0 0 0 0 0
4 6 11 13 17 18 21 22 34 35 36 37 41 45 65 67 73 75 0 0 0 0 0 0 0 0 0 0 0 0 0 0 0 0 0 0 0 0 0 0 0 0 0 0
3 4 7 8 9 11 13 15 17 19 20 22 23 24 28 31 33 35 36 37 38 39 43 45 50 52 53 55 66 67 73 76 0 0 0 0 0 0 0 0 0 0 0 0
1 3 4 5 7 8 9 10 12 13 14 16 17 19 21 23 25 27 29 31 33 34 37 38 49 51 53 55 65 69 73 77 0 0 0 0 0 0 0 0 0 0 0 0
1 2 3 4 5 6 7 8 9 10 13 14 17 18 19 21 23 24 27 29 33 34 35 36 38 39 42 43 49 51 53 55 66 69 73 78 0 0 0 0 0 0 0 0
1 2 3 4 13 14 15 16 17 20 21 24 26 28 29 31 36 38 43 45 49 51 53 55 67 69 73 79 0 0 0 0 0 0 0 0 0 0 0 0 0 0 0 0
4 7 9 13 15 16 17 19 20 23 26 31 36 39 42 45 50 52 53 55 65 66 67 69 73 80 0 0 0 0 0 0 0 0 0 0 0 0 0 0 0 0 0 0
2 3 6 8 9 11 13 16 17 19 22 23 26 28 30 31 33 34 37 38 81 82 83 84 0 0 0 0 0 0 0 0 0 0 0 0 0 0 0 0 0 0 0 0
3 4 5 7 10 11 17 20 21 22 25 27 34 35 37 39 41 42 81 82 85 86 0 0 0 0 0 0 0 0 0 0 0 0 0 0 0 0 0 0 0 0 0 0
3 4 5 8 11 12 13 16 17 18 21 22 26 27 30 31 34 36 41 43 49 50 51 52 81 83 85 87 0 0 0 0 0 0 0 0 0 0 0 0 0 0 0 0
1 3 5 7 11 12 13 14 17 18 22 24 26 28 29 30 33 34 35 36 38 39 42 43 49 50 51 52 82 83 85 88 0 0 0 0 0 0 0 0 0 0 0 0
1 2 3 5 7 8 10 11 12 13 14 16 17 22 25 26 27 31 33 34 35 36 37 39 41 43 49 51 53 55 81 82 89 90 0 0 0 0 0 0 0 0 0 0
1 3 4 5 7 8 9 10 12 15 18 19 23 24 25 26 27 28 29 31 33 34 36 39 41 45 49 51 53 55 81 83 89 91 0 0 0 0 0 0 0 0 0 0
2 3 9 11 13 14 17 18 19 22 28 30 33 34 35 38 43 45 82 83 89 92 0 0 0 0 0 0 0 0 0 0 0 0 0 0 0 0 0 0 0 0 0 0
1 2 7 8 19 21 22 24 25 29 33 36 38 39 49 50 51 52 81 85 89 93 0 0 0 0 0 0 0 0 0 0 0 0 0 0 0 0 0 0 0 0 0 0
4 5 6 8 9 10 11 13 14 16 17 18 19 20 22 23 25 26 27 28 30 31 38 39 42 43 50 52 53 55 82 85 89 94 0 0 0 0 0 0 0 0 0 0
1 3 4 8 12 13 15 16 17 18 20 21 26 29 30 31 36 38 43 45 49 51 53 55 83 85 89 95 0 0 0 0 0 0 0 0 0 0 0 0 0 0 0 0
2 3 5 6 9 10 14 15 19 20 23 24 25 26 27 28 34 37 42 45 81 82 83 85 89 96 0 0 0 0 0 0 0 0 0 0 0 0 0 0 0 0 0 0
1 3 5 8 9 12 14 16 17 20 21 23 26 27 29 31 33 34 37 38 49 50 51 52 97 98 99 100 0 0 0 0 0 0 0 0 0 0 0 0 0 0 0 0
2 3 9 12 21 23 26 28 37 38 41 42 49 51 53 55 97 98 101 102 0 0 0 0 0 0 0 0 0 0 0 0 0 0 0 0 0 0 0 0 0 0 0 0
2 4 5 6 7 8 9 11 17 18 19 20 21 22 23 24 33 34 35 36 37 39 41 43 49 50 51 52 97 99 101 103 0 0 0 0 0 0 0 0 0 0 0 0
2 4 6 8 9 12 13 16 18 20 23 24 30 31 35 36 37 39 42 43 49 51 53 55 98 99 101 104 0 0 0 0 0 0 0 0 0 0 0 0 0 0 0 0
3 5 9 10 11 13 15 16 17 22 23 24 25 27 28 30 33 36 42 43 97 98 105 106 0 0 0 0 0 0 0 0 0 0 0 0 0 0 0 0 0 0 0 0
1 2 3 5 6 7 9 10 12 13 14 16 18 19 21 24 25 27 29 31 35 37 43 45 49 50 51 52 97 99 105 107 0 0 0 0 0 0 0 0 0 0 0 0
6 7 11 12 14 16 17 18 19 21 22 24 28 31 34 35 36 38 42 45 98 99 105 108 0 0 0 0 0 0 0 0 0 0 0 0 0 0 0 0 0 0 0 0
1 4 5 8 10 12 14 16 25 27 29 31 33 34 35 37 38 39 41 45 97 101 105 109 0 0 0 0 0 0 0 0 0 0 0 0 0 0 0 0 0 0 0 0
2 6 7 8 9 11 12 13 17 18 20 22 23 24 28 30 34 35 36 39 43 45 49 51 53 55 98 101 105 110 0 0 0 0 0 0 0 0 0 0 0 0 0 0
1 5 6 8 10 11 12 15 17 20 21 24 25 26 27 28 35 36 37 38 99 101 105 111 0 0 0 0 0 0 0 0 0 0 0 0 0 0 0 0 0 0 0 0
1 3 5 6 7 8 10 12 13 14 15 16 18 19 20 24 26 27 28 29 30 31 34 35 37 38 41 43 50 52 53 55 97 98 99 101 105 112 0 0 0 0 0 0
1 2 3 6 7 8 10 11 12 14 15 19 20 21 24 25 28 29 33 34 36 37 45 50 51 57 66 67 69 81 83 85 98 113 0 0 0 0 0 0 0 0 0 0
2 5 6 7 10 13 15 17 20 25 27 30 33 35 36 39 45 53 55 57 65 67 69 82 83 85 97 114 0 0 0 0 0 0 0 0 0 0 0 0 0 0 0 0
1 6 9 11 12 13 15 18 20 21 23 26 28 30 33 37 45 51 52 57 65 66 69 85 97 98 99 115 0 0 0 0 0 0 0 0 0 0 0 0 0 0 0 0
1 2 4 5 6 7 10 14 15 17 18 21 22 25 27 29 35 37 38 39 45 49 51 53 55 57 69 81 82 85 99 116 0 0 0 0 0 0 0 0 0 0 0 0
1 2 3 4 5 8 9 10 11 13 14 15 16 17 18 20 21 25 26 27 28 29 30 31 33 35 45 52 53 57 65 66 67 83 97 98 101 117 0 0 0 0 0 0
1 4 5 7 10 11 12 13 14 15 16 17 18 20 24 25 27 29 30 31 33 36 37 38 41 42 45 49 55 57 67 81 82 83 101 118 0 0 0 0 0 0 0 0
2 4 7 8 12 13 15 19 21 22 24 26 28 30 34 36 41 43 45 49 50 51 55 57 66 81 98 99 101 119 0 0 0 0 0 0 0 0 0 0 0 0 0 0
1 2 3 4 5 6 7 8 10 11 12 14 15 17 18 20 21 25 26 27 28 29 33 35 42 43 45 49 53 57 65 82 97 99 101 120 0 0 0 0 0 0 0 0
2 3 6 7 8 10 12 13 14 17 19 20 21 24 25 27 28 31 33 34 35 36 39 41 45 50 53 55 65 66 67 69 73 83 85 89 97 98 105 121 0 0 0 0
1 2 4 6 7 9 11 12 13 15 16 17 19 22 23 24 29 31 37 41 42 43 45 51 67 69 73 81 82 83 85 89 105 122 0 0 0 0 0 0 0 0 0 0
1 2 4 7 8 11 13 14 15 18 19 20 22 24 26 29 33 34 36 41 43 49 51 52 66 69 73 81 85 89 98 99 105 123 0 0 0 0 0 0 0 0 0 0
5 10 11 13 14 15 16 19 20 21 22 24 25 27 30 31 33 34 35 38 39 41 42 51 53 55 65 69 73 82 85 89 97 99 105 124 0 0 0 0 0 0 0 0
2 3 6 7 8 12 14 15 16 19 30 31 34 35 38 51 52 55 66 67 73 81 83 89 98 101 105 125 0 0 0 0 0 0 0 0 0 0 0 0 0 0 0 0
2 6 7 14 15 21 26 30 33 34 37 41 43 49 51 53 65 67 73 82 83 89 97 101 105 126 0 0 0 0 0 0 0 0 0 0 0 0 0 0 0 0 0 0
4 6 8 9 11 13 14 17 18 20 21 22 23 24 25 26 33 34 35 38 39 41 45 50 51 55 65 66 73 89 97 98 99 101 105 127 0 0 0 0 0 0 0 0
1 4 5 6 8 9 10 12 13 18 19 23 25 26 27 29 33 38 39 43 45 53 73 81 82 89 99 101 105 128 0 0 0 0 0 0 0 0 0 0 0 0 0 0
1 2 3 8 9 11 18 20 24 25 26 29 33 37 41 42 43 45 50 52 53 57 65 69 82 83 85 89 98 105 129 130 0 0 0 0 0 0 0 0 0 0 0 0
1 6 8 9 10 16 18 21 22 23 25 26 28 29 30 31 35 37 38 39 42 43 51 52 55 57 65 73 81 82 85 89 97 98 129 131 0 0 0 0 0 0 0 0
1 2 5 7 8 10 11 14 20 22 24 25 26 27 29 30 37 38 41 45 50 51 53 55 69 73 81 83 97 105 129 132 0 0 0 0 0 0 0 0 0 0 0 0
1 4 5 7 8 9 10 13 19 20 21 22 23 24 25 26 27 29 33 36 38 43 51 52 53 57 66 67 82 89 97 99 129 133 0 0 0 0 0 0 0 0 0 0
1 2 3 4 6 7 8 9 11 12 17 21 22 23 24 26 28 29 33 34 35 38 39 42 43 45 51 52 53 55 65 66 67 69 83 85 97 98 99 105 129 134 0 0
1 2 7 8 9 11 12 13 14 16 17 21 22 23 29 31 33 34 39 41 42 45 49 50 51 52 53 55 65 66 67 73 81 85 98 99 129 135 0 0 0 0 0 0
1 3 5 7 10 11 13 15 18 19 24 25 26 27 29 31 36 37 39 41 49 50 51 52 53 57 66 67 69 73 81 82 83 89 99 105 129 136 0 0 0 0 0 0
4 7 9 12 13 16 17 19 22 23 24 26 30 31 34 43 49 50 51 53 55 57 67 69 81 82 97 101 129 137 0 0 0 0 0 0 0 0 0 0 0 0 0 0
1 2 11 12 13 16 17 18 19 20 22 24 26 29 30 31 33 34 37 41 42 45 50 55 65 67 81 83 85 89 97 98 101 105 129 138 0 0 0 0 0 0 0 0
3 4 5 7 8 9 10 13 17 23 24 25 27 29 33 34 35 36 37 42 51 53 65 67 69 73 85 89 98 101 129 139 0 0 0 0 0 0 0 0 0 0 0 0
1 3 4 5 8 10 11 13 14 16 17 18 20 22 25 27 29 31 33 34 36 37 39 41 43 45 49 57 67 73 82 83 101 105 129 140 0 0 0 0 0 0 0 0
3 4 8 9 11 12 13 14 19 20 22 23 24 26 28 30 36 37 38 39 42 43 50 51 52 53 66 69 81 89 99 101 129 141 0 0 0 0 0 0 0 0 0 0
1 4 5 6 7 11 12 14 17 19 20 21 28 29 34 35 37 38 43 45 49 53 55 57 65 66 81 82 83 85 98 99 101 105 129 142 0 0 0 0 0 0 0 0
1 3 7 8 11 12 13 14 15 16 19 26 29 31 33 34 36 37 38 39 41 45 50 53 55 57 65 66 69 73 82 85 97 98 99 101 129 143 0 0 0 0 0 0
5 8 9 10 11 14 15 16 17 18 19 20 21 22 23 24 25 27 30 31 38 39 41 42 49 51 52 53 66 73 83 89 97 99 101 105 129 144 0 0 0 0 0 0
2 3 5 6 7 8 9 12 13 14 17 18 20 21 22 23 24 25 26 27 28 30 34 36 37 39 41 42 43 45 49 53 55 57 67 69 81 82 85 89 98 105 145 146
1 2 3 5 6 7 9 10 12 13 17 18 20 21 23 27 28 29 33 34 35 36 38 41 42 43 49 50 51 53 69 73 82 89 97 98 145 147 0 0 0 0 0 0
2 3 4 6 10 16 18 20 22 24 27 28 30 31 33 35 37 38 39 45 49 50 53 57 67 73 81 85 97 105 145 148 0 0 0 0 0 0 0 0 0 0 0 0
1 2 3 4 5 6 10 13 18 20 21 26 27 29 38 43 49 51 53 57 65 66 67 73 81 82 97 99 145 149 0 0 0 0 0 0 0 0 0 0 0 0 0 0
2 6 9 12 14 16 17 18 23 24 25 31 34 36 38 42 43 45 49 53 65 66 69 73 85 89 97 98 99 105 145 150 0 0 0 0 0 0 0 0 0 0 0 0
1 4 5 7 10 11 12 13 14 15 19 21 27 28 30 31 33 34 36 39 42 45 49 50 51 53 55 57 65 66 67 69 81 89 98 99 145 151 0 0 0 0 0 0
1 7 13 14 18 21 24 25 29 30 33 39 50 51 65 66 82 85 99 105 145 152 0 0 0 0 0 0 0 0 0 0 0 0 0 0 0 0 0 0 0 0 0 0
2 3 4 12 13 16 17 18 22 24 25 26 30 31 33 34 39 43 50 51 53 57 66 69 81 83 97 101 145 153 0 0 0 0 0 0 0 0 0 0 0 0 0 0
4 5 6 10 14 16 19 21 24 27 28 31 34 35 37 41 42 45 49 50 51 55 66 67 82 83 85 89 97 98 101 105 145 154 0 0 0 0 0 0 0 0 0 0
2 3 7 9 11 14 17 18 20 21 23 25 26 30 33 34 35 36 37 39 41 42 51 53 55 57 66 73 81 82 83 89 98 101 145 155 0 0 0 0 0 0 0 0
1 2 3 4 6 13 14 16 17 20 21 24 25 26 29 31 34 36 43 45 53 55 66 67 69 73 83 85 101 105 145 156 0 0 0 0 0 0 0 0 0 0 0 0
1 3 4 5 6 9 10 14 17 19 20 21 23 27 29 30 33 34 35 36 37 38 42 43 49 52 53 55 65 67 69 73 82 83 99 101 145 157 0 0 0 0 0 0
3 4 5 7 8 9 10 11 14 16 17 18 19 23 27 28 30 31 34 36 37 38 43 45 49 51 52 53 55 57 65 73 81 83 85 89 98 99 101 105 145 158 0 0
1 2 3 5 7 10 12 13 15 16 18 19 21 24 27 29 30 31 33 34 35 38 39 45 50 51 52 55 65 67 83 89 97 98 99 101 145 159 0 0 0 0 0 0
3 4 5 6 8 9 10 12 13 15 19 20 22 26 27 30 34 38 39 42 49 50 51 52 53 57 65 69 81 82 83 85 97 99 101 105 145 160 0 0 0 0 0 0
1 4 6 9 14 16 17 19 20 21 23 24 28 31 34 36 37 42 43 45 49 50 51 53 67 69 82 83 85 89 97 98 99 105 161 162 0 0 0 0 0 0 0 0
2 4 8 9 10 11 12 13 14 16 17 19 20 23 25 26 27 31 33 34 38 39 42 43 49 50 51 52 55 57 69 73 81 82 85 89 98 101 161 163 0 0 0 0
1 2 3 4 5 6 9 10 11 14 17 20 21 23 26 27 29 30 33 34 38 45 52 53 55 57 67 73 81 83 97 99 101 105 161 164 0 0 0 0 0 0 0 0
2 4 6 8 10 11 12 14 17 18 19 20 21 24 25 26 28 30 34 35 38 39 41 43 49 50 55 57 65 66 67 73 82 89 99 105 161 165 0 0 0 0 0 0
1 2 4 6 8 11 14 15 21 24 26 29 30 31 34 36 39 42 43 45 51 53 55 57 65 66 69 73 83 85 97 98 161 166 0 0 0 0 0 0 0 0 0 0
3 5 8 10 11 13 20 24 25 27 33 39 42 45 51 52 65 66 67 69 81 85 98 99 101 105 161 167 0 0 0 0 0 0 0 0 0 0 0 0 0 0 0 0
1 2 5 7 9 10 11 12 13 14 17 18 20 22 23 24 25 26 27 28 29 30 33 34 35 37 38 41 49 50 52 53 65 66 81 82 83 89 97 101 161 168 0 0
3 5 6 7 8 9 10 11 13 16 18 19 20 21 23 25 27 28 30 31 34 35 36 39 41 43 51 52 53 57 66 69 81 82 97 98 99 101 161 169 0 0 0 0
1 6 9 12 21 22 23 26 28 29 36 37 39 45 49 50 52 57 66 67 81 83 85 89 101 105 161 170 0 0 0 0 0 0 0 0 0 0 0 0 0 0 0 0
2 5 6 7 10 13 14 16 18 19 24 25 26 27 28 31 35 37 42 43 49 52 66 73 85 89 97 99 161 171 0 0 0 0 0 0 0 0 0 0 0 0 0 0
1 2 3 5 6 7 8 10 11 14 18 22 24 25 27 28 29 30 36 37 39 41 42 45 50 51 52 53 66 67 69 73 82 83 98 105 161 172 0 0 0 0 0 0
1 2 4 5 6 10 11 16 18 22 24 25 26 27 28 29 30 31 33 35 38 39 41 42 43 45 49 51 65 67 69 73 81 89 97 98 101 105 161 173 0 0 0 0
1 2 6 7 9 12 14 16 20 23 24 29 30 31 33 35 39 41 42 43 50 53 65 73 81 82 83 85 99 101 161 174 0 0 0 0 0 0 0 0 0 0 0 0
5 8 10 15 19 20 22 23 24 25 26 27 33 34 36 37 38 39 41 43 53 57 65 67 82 85 97 105 161 175 0 0 0 0 0 0 0 0 0 0 0 0 0 0
1 3 4 5 6 10 15 16 17 20 22 25 26 27 29 31 33 41 43 45 49 50 51 57 65 69 83 89 98 99 161 176 0 0 0 0 0 0 0 0 0 0 0 0
2 3 6 8 9 14 15 17 20 21 24 25 26 30 35 36 37 38 39 41 42 43 45 50 51 53 65 66 69 73 81 82 83 89 99 101 129 145 161 177 0 0 0 0
2 3 4 5 6 9 10 11 12 15 16 17 19 21 22 23 24 27 30 31 33 38 41 50 51 55 66 73 83 85 97 98 101 105 129 145 161 178 0 0 0 0 0 0
2 3 5 8 9 10 11 12 13 15 16 18 19 20 22 23 25 27 30 31 34 35 36 39 45 52 66 69 81 83 98 99 129 145 161 179 0 0 0 0 0 0 0 0
1 2 3 7 8 12 15 18 19 20 21 24 25 26 28 29 33 34 37 42 43 50 65 66 82 83 85 89 97 105 129 145 161 180 0 0 0 0 0 0 0 0 0 0
1 2 4 5 6 7 8 9 10 12 13 17 21 22 23 24 27 28 29 31 33 34 35 37 39 42 45 52 53 57 65 67 69 73 83 89 101 105 129 145 161 181 0 0
1 2 4 7 9 11 12 14 15 17 18 19 20 23 25 28 29 30 35 36 37 38 41 52 55 57 67 73 81 82 83 85 97 98 99 101 129 145 161 182 0 0 0 0
8 12 13 14 15 17 18 22 24 25 28 30 34 35 36 38 43 49 52 57 67 69 82 83 98 105 129 145 161 183 0 0 0 0 0 0 0 0 0 0 0 0 0 0
3 4 5 7 9 11 12 14 15 17 18 20 21 23 24 25 26 27 28 30 33 35 39 41 42 43 45 49 50 57 65 67 81 83 85 89 97 99 129 145 161 184 0 0
7 9 12 13 14 15 16 17 19 21 23 24 25 31 36 38 41 42 45 53 65 66 67 73 82 89 97 98 129 145 161 185 0 0 0 0 0 0 0 0 0 0 0 0
1 7 9 11 12 13 14 15 16 21 23 24 25 26 29 31 34 35 37 38 39 42 43 49 50 51 52 55 66 67 69 73 81 85 99 105 129 145 161 186 0 0 0 0
1 2 3 4 5 9 10 12 14 15 16 19 21 23 24 27 29 31 34 35 37 38 39 41 45 49 66 67 97 101 129 145 161 187 0 0 0 0 0 0 0 0 0 0
3 5 10 12 14 15 16 17 24 27 28 31 36 38 43 51 65 66 67 69 81 82 85 89 98 99 101 105 129 145 161 188 0 0 0 0 0 0 0 0 0 0 0 0
2 3 5 8 12 13 14 15 16 21 22 25 26 31 33 34 36 37 41 49 53 57 65 73 81 89 97 98 99 105 129 145 161 189 0 0 0 0 0 0 0 0 0 0
1 4 6 9 11 12 15 18 23 25 28 30 33 34 37 38 39 41 45 50 51 52 55 57 69 73 82 85 129 145 161 190 0 0 0 0 0 0 0 0 0 0 0 0
2 3 4 7 11 17 19 20 25 26 34 35 36 42 45 49 50 51 52 57 81 82 97 99 101 105 129 145 161 191 0 0 0 0 0 0 0 0 0 0 0 0 0 0
1 6 8 9 13 17 19 21 22 23 25 28 29 30 34 35 38 39 42 50 52 57 65 69 85 89 98 101 129 145 161 192 0 0 0 0 0 0 0 0 0 0 0 0
4 5 8 9 14 16 20 21 22 23 28 31 33 35 37 39 41 42 43 45 49 50 51 52 55 57 65 73 83 85 97 98 101 105 193 194 0 0 0 0 0 0 0 0
2 4 6 7 10 11 12 13 14 16 17 19 20 21 22 24 25 26 27 31 34 36 37 38 39 41 42 43 49 50 55 57 66 67 85 89 98 105 193 195 0 0 0 0
2 3 4 5 7 13 14 15 30 31 33 34 37 45 50 51 53 55 65 66 67 73 83 89 97 101 193 196 0 0 0 0 0 0 0 0 0 0 0 0 0 0 0 0
1 2 4 7 8 9 10 13 17 20 21 22 23 24 25 26 27 29 33 34 35 36 38 43 51 52 53 57 67 69 81 82 83 89 97 98 193 197 0 0 0 0 0 0
1 5 6 8 9 11 19 20 21 22 23 24 25 29 33 36 38 41 43 45 49 50 53 55 65 67 69 73 81 82 85 89 101 105 193 198 0 0 0 0 0 0 0 0
2 3 8 9 10 13 17 19 20 21 23 24 25 27 34 35 36 39 41 42 43 45 53 55 66 69 81 82 83 85 97 105 193 199 0 0 0 0 0 0 0 0 0 0
2 3 5 6 11 12 19 24 26 28 35 37 38 39 42 43 49 51 55 57 65 66 69 73 81 82 98 101 193 200 0 0 0 0 0 0 0 0 0 0 0 0 0 0
1 4 5 9 11 12 13 14 18 19 20 21 23 28 29 30 33 36 37 43 52 53 55 57 69 73 82 85 97 99 193 201 0 0 0 0 0 0 0 0 0 0 0 0
1 2 3 4 7 8 10 14 17 21 24 25 26 27 29 30 34 35 39 42 43 45 52 53 65 69 82 83 98 99 101 105 193 202 0 0 0 0 0 0 0 0 0 0
1 3 4 10 17 18 19 20 21 25 27 29 35 37 42 45 51 53 66 67 69 73 82 89 97 98 99 105 193 203 0 0 0 0 0 0 0 0 0 0 0 0 0 0
2 6 9 10 11 14 17 18 19 20 23 25 26 27 28 30 33 34 35 37 38 39 50 51 52 57 65 66 67 69 82 83 85 89 99 101 193 204 0 0 0 0 0 0
3 4 9 10 13 14 20 25 27 30 33 36 37 39 42 43 49 50 52 55 67 73 81 83 85 89 98 99 193 205 0 0 0 0 0 0 0 0 0 0 0 0 0 0
1 2 3 7 8 9 10 12 13 16 18 19 21 22 23 25 26 27 29 31 33 35 37 39 42 45 49 50 52 57 65 67 81 89 97 99 101 105 193 206 0 0 0 0
2 3 5 7 9 10 12 13 15 16 19 20 22 23 24 25 30 31 33 34 35 36 39 43 52 57 66 73 81 83 99 105 193 207 0 0 0 0 0 0 0 0 0 0
1 3 4 5 6 7 8 13 15 16 19 21 24 31 33 34 35 36 37 38 39 45 50 53 65 66 81 85 97 98 99 101 193 208 0 0 0 0 0 0 0 0 0 0
1 3 5 6 7 8 11 13 16 18 19 21 22 24 25 26 28 29 30 31 35 37 39 45 49 50 51 53 65 69 73 82 83 85 97 98 99 105 129 145 193 209 0 0
2 3 5 6 7 13 16 18 20 22 25 28 30 31 33 35 39 41 42 43 51 52 53 57 66 67 69 83 99 101 129 145 193 210 0 0 0 0 0 0 0 0 0 0
3 4 7 9 10 11 14 15 16 17 18 19 22 26 27 28 38 42 43 45 50 52 53 55 65 66 73 82 85 89 97 99 129 145 193 211 0 0 0 0 0 0 0 0
1 2 6 7 10 11 14 17 24 26 27 30 33 34 35 37 39 41 49 53 55 57 67 89 98 99 101 105 129 145 193 212 0 0 0 0 0 0 0 0 0 0 0 0
3 4 5 8 9 12 16 17 19 20 22 23 24 26 30 31 36 38 43 45 52 53 55 57 65 67 69 81 99 105 129 145 193 213 0 0 0 0 0 0 0 0 0 0
1 2 4 5 8 9 11 13 14 18 20 22 23 25 29 30 37 38 41 43 49 52 66 69 73 81 82 85 97 98 99 101 129 145 193 214 0 0 0 0 0 0 0 0
1 7 8 9 10 11 16 17 20 21 23 24 26 27 28 29 30 31 34 37 42 43 49 50 51 52 55 57 65 66 67 81 83 89 98 99 129 145 193 215 0 0 0 0
1 2 5 6 7 8 12 13 16 18 25 29 30 31 35 36 38 39 41 42 43 45 50 51 52 53 73 81 82 83 85 89 97 99 101 105 129 145 193 216 0 0 0 0
1 9 10 18 20 21 22 23 24 26 27 29 35 36 43 45 50 51 52 57 66 67 73 81 82 89 98 105 129 145 193 217 0 0 0 0 0 0 0 0 0 0 0 0
2 3 6 8 9 10 14 19 23 26 27 30 36 37 42 43 49 51 65 81 85 89 97 101 129 145 193 218 0 0 0 0 0 0 0 0 0 0 0 0 0 0 0 0
3 4 5 6 11 18 21 24 25 26 41 42 49 50 55 57 67 69 73 81 82 83 129 145 193 219 0 0 0 0 0 0 0 0 0 0 0 0 0 0 0 0 0 0
1 3 4 6 7 9 10 12 13 14 16 17 18 23 27 28 29 31 34 37 38 39 41 45 52 55 65 66 69 81 83 85 97 98 101 105 129 145 193 220 0 0 0 0
4 6 8 9 10 11 13 14 16 17 18 19 20 22 23 24 26 27 28 31 34 36 39 42 43 45 49 50 52 53 66 83 85 89 97 105 129 145 193 221 0 0 0 0
1 2 3 7 11 12 13 17 19 21 22 24 25 26 27 28 29 30 33 34 35 37 39 42 50 52 55 57 65 67 73 82 83 89 98 101 129 145 193 222 0 0 0 0
1 3 4 7 9 13 14 15 16 17 18 20 23 25 26 28 29 31 36 41 43 45 51 52 69 85 97 98 129 145 193 223 0 0 0 0 0 0 0 0 0 0 0 0
2 5 6 11 12 13 15 20 21 25 26 30 33 34 37 38 39 41 49 51 52 53 55 57 65 66 67 69 73 82 101 105 129 145 193 224 0 0 0 0 0 0 0 0
3 4 5 7 8 12 15 17 18 19 20 21 24 26 30 35 38 39 41 42 50 51 52 55 66 67 69 81 82 97 99 101 129 161 193 225 0 0 0 0 0 0 0 0
1 2 3 4 5 6 7 11 14 18 19 22 28 29 31 33 36 37 38 41 43 45 51 52 65 69 73 81 82 83 85 105 129 161 193 226 0 0 0 0 0 0 0 0
2 3 4 10 11 13 14 15 16 17 18 20 24 25 27 30 31 33 36 37 39 43 49 50 52 53 55 57 67 81 82 85 89 97 98 105 129 161 193 227 0 0 0 0
1 10 12 13 14 15 16 20 21 22 23 24 25 26 27 28 29 30 31 33 34 35 37 38 42 45 49 50 55 57 65 66 73 81 82 83 89 98 99 101 129 161 193 228
2 3 5 6 8 9 11 13 15 18 19 23 24 26 28 29 30 34 36 37 42 43 50 57 66 69 73 83 89 98 99 105 129 161 193 229 0 0 0 0 0 0 0 0
4 9 10 11 14 15 16 18 19 20 23 24 25 26 27 30 31 33 35 36 37 38 39 42 43 45 50 52 53 57 65 67 69 85 89 97 98 101 129 161 193 230 0 0
1 2 7 9 10 11 12 13 14 15 16 17 22 23 24 25 27 28 29 30 31 33 36 38 39 41 43 45 52 53 73 83 85 101 129 161 193 231 0 0 0 0 0 0
4 5 6 11 15 17 19 21 22 24 25 28 30 33 35 36 37 38 41 43 50 52 53 55 65 66 67 97 99 105 129 161 193 232 0 0 0 0 0 0 0 0 0 0
1 5 9 10 14 15 16 19 20 22 23 24 25 26 29 30 31 33 34 35 36 37 38 41 42 43 50 53 55 57 65 81 85 97 98 99 101 105 129 161 193 233 0 0
1 4 6 7 10 11 12 13 14 15 16 17 18 20 24 25 27 28 29 30 31 33 37 38 41 42 43 45 49 51 55 57 66 67 73 81 83 98 129 161 193 234 0 0
2 3 4 5 7 8 9 11 14 15 16 18 22 23 26 30 31 34 36 38 43 45 50 53 65 66 69 81 89 97 129 161 193 235 0 0 0 0 0 0 0 0 0 0
3 4 6 7 10 11 12 13 14 15 16 18 19 22 24 25 27 30 31 33 34 35 37 43 49 50 51 52 53 55 67 69 73 81 83 85 89 99 101 105 129 161 193 236
4 8 9 10 12 14 15 17 20 21 23 24 25 26 27 33 35 38 39 41 43 45 49 50 52 55 65 67 73 82 83 85 89 99 129 161 193 237 0 0 0 0 0 0
4 5 6 8 9 11 12 13 14 15 16 17 20 22 23 28 31 33 37 39 41 42 50 51 66 82 89 97 101 105 129 161 193 238 0 0 0 0 0 0 0 0 0 0
2 3 5 6 7 8 13 17 18 19 22 24 26 28 30 34 35 36 37 38 42 45 51 57 65 66 67 69 73 82 83 98 101 105 129 161 193 239 0 0 0 0 0 0
2 4 5 8 10 11 13 18 22 25 27 33 36 37 38 43 49 50 53 57 69 82 85 97 98 99 129 161 193 240 0 0 0 0 0 0 0 0 0 0 0 0 0 0
2 3 5 8 11 12 14 17 19 20 22 25 26 30 31 34 35 37 39 43 45 52 55 57 65 66 82 83 89 97 99 105 145 161 193 241 0 0 0 0 0 0 0 0
4 5 6 7 10 12 14 15 16 18 19 22 27 28 31 34 35 37 42 49 50 51 53 57 66 73 83 85 89 101 145 161 193 242 0 0 0 0 0 0 0 0 0 0
4 5 6 9 11 13 14 15 16 17 19 23 25 26 31 38 39 42 45 50 51 53 55 57 65 67 82 97 98 101 145 161 193 243 0 0 0 0 0 0 0 0 0 0
1 3 5 6 7 9 12 13 14 15 16 19 21 22 23 25 28 29 31 34 35 39 43 50 51 57 67 73 85 98 99 105 145 161 193 244 0 0 0 0 0 0 0 0
2 3 6 9 10 13 14 15 16 17 21 23 26 27 31 37 38 41 45 51 52 53 65 66 67 69 81 85 89 98 99 101 145 161 193 245 0 0 0 0 0 0 0 0
1 4 6 7 8 10 11 12 15 20 22 27 29 33 34 35 36 37 41 51 52 55 66 67 69 73 81 82 89 97 98 105 145 161 193 246 0 0 0 0 0 0 0 0
1 4 5 6 9 11 12 13 14 15 16 17 18 22 23 26 28 29 31 36 39 41 42 49 51 52 65 69 81 83 85 105 145 161 193 247 0 0 0 0 0 0 0 0
1 2 7 8 9 10 14 15 16 17 20 23 27 29 31 33 41 42 45 50 53 55 69 73 81 82 83 97 99 101 145 161 193 248 0 0 0 0 0 0 0 0 0 0
2 6 7 8 10 11 13 14 15 20 21 27 28 29 30 34 39 41 45 49 50 52 53 57 65 66 69 73 81 82 85 97 98 99 145 161 193 249 0 0 0 0 0 0
3 5 7 8 9 11 12 15 16 18 19 20 23 24 25 26 28 30 31 34 35 36 37 39 41 50 51 52 53 57 66 69 81 98 101 105 145 161 193 250 0 0 0 0
2 7 8 9 10 12 13 14 15 17 20 21 22 23 26 27 30 35 36 37 39 41 42 53 55 57 65 67 69 73 81 82 83 85 89 97 101 105 145 161 193 251 0 0
2 3 4 5 6 9 10 14 15 17 18 21 22 23 24 26 30 34 35 38 41 42 45 50 52 53 55 57 67 69 81 83 89 99 145 161 193 252 0 0 0 0 0 0
7 10 13 15 16 18 19 21 27 30 31 33 34 35 36 41 42 49 51 53 65 66 67 73 83 99 101 105 145 161 193 253 0 0 0 0 0 0 0 0 0 0 0 0
1 5 6 11 13 14 15 17 18 19 22 23 24 25 26 28 29 35 36 37 38 39 41 43 45 49 50 51 52 53 66 67 82 83 85 97 145 161 193 254 0 0 0 0
2 5 11 13 14 17 18 20 21 22 24 25 26 28 30 33 34 35 36 37 39 41 43 49 53 55 65 73 89 98 145 161 193 255 0 0 0 0 0 0 0 0 0 0
7 8 9 10 11 14 16 17 18 19 20 21 22 23 26 27 28 30 31 34 36 39 41 42 45 51 53 55 82 85 89 97 98 99 101 105 145 161 193 256 0 0 0 0
1 2 3 4 5 6 7 8 9 10 11 12 13 14 15 16 257 0 0 0 0 0 0 0 0 0 0 0 0 0 0 0 0 0 0 0 0 0 0 0 0 0 0 0
