512 256
6 12
6 6 6 6 6 6 6 6 6 6 6 6 6 6 6 6 6 6 6 6 6 6 6 6 6 6 6 6 6 6 6 6 6 6 6 6 6 6 6 6 6 6 6 6 6 6 6 6 6 6 6 6 6 6 6 6 6 6 6 6 6 6 6 6 6 6 6 6 6 6 6 6 6 6 6 6 6 6 6 6 6 6 6 6 6 6 6 6 6 6 6 6 6 6 6 6 6 6 6 6 6 6 6 6 6 6 6 6 6 6 6 6 6 6 6 6 6 6 6 6 6 6 6 6 6 6 6 6 6 6 6 6 6 6 6 6 6 6 6 6 6 6 6 6 6 6 6 6 6 6 6 6 6 6 6 6 6 6 6 6 6 6 6 6 6 6 6 6 6 6 6 6 6 6 6 6 6 6 6 6 6 6 6 6 6 6 6 6 6 6 6 6 6 6 6 6 6 6 6 6 6 6 6 6 6 6 6 6 6 6 6 6 6 6 6 6 6 6 6 6 6 6 6 6 6 6 6 6 6 6 6 6 6 6 6 6 6 6 6 6 6 6 6 6 6 6 6 6 6 6 6 6 6 6 6 6 6 6 6 6 6 6 6 6 6 6 6 6 6 6 6 6 6 6 6 6 6 6 6 6 6 6 6 6 6 6 6 6 6 6 6 6 6 6 6 6 6 6 6 6 6 6 6 6 6 6 6 6 6 6 6 6 6 6 6 6 6 6 6 6 6 6 6 6 6 6 6 6 6 6 6 6 6 6 6 6 6 6 6 6 6 6 6 6 6 6 6 6 6 6 6 6 6 6 6 6 6 6 6 6 6 6 6 6 6 6 6 6 6 6 6 6 6 6 6 6 6 6 6 6 6 6 6 6 6 6 6 6 6 6 6 6 6 6 6 6 6 6 6 6 6 6 6 6 6 6 6 6 6 6 6 6 6 6 6 6 6 6 6 6 6 6 6 6 6 6 6 6 6 6 6 6 6 6 6 6 6 6 6 6 6 6 6 6 6 6 6 6 6 6 6 6 6 6 6 6 6 6 6 6 6 6 6 6 6 6 6 6 6 6 6 6 6 6 6 6 6 6 6 6 6 6 6 6 6 6 6 6 6 6 6 6 6 6 6 6 6 6 6 6 6 6 6 6 6 6 6 6 6 6 6 6 
12 12 12 12 12 12 12 12 12 12 12 12 12 12 12 12 12 12 12 12 12 12 12 12 12 12 12 12 12 12 12 12 12 12 12 12 12 12 12 12 12 12 12 12 12 12 12 12 12 12 12 12 12 12 12 12 12 12 12 12 12 12 12 12 12 12 12 12 12 12 12 12 12 12 12 12 12 12 12 12 12 12 12 12 12 12 12 12 12 12 12 12 12 12 12 12 12 12 12 12 12 12 12 12 12 12 12 12 12 12 12 12 12 12 12 12 12 12 12 12 12 12 12 12 12 12 12 12 12 12 12 12 12 12 12 12 12 12 12 12 12 12 12 12 12 12 12 12 12 12 12 12 12 12 12 12 12 12 12 12 12 12 12 12 12 12 12 12 12 12 12 12 12 12 12 12 12 12 12 12 12 12 12 12 12 12 12 12 12 12 12 12 12 12 12 12 12 12 12 12 12 12 12 12 12 12 12 12 12 12 12 12 12 12 12 12 12 12 12 12 12 12 12 12 12 12 12 12 12 12 12 12 12 12 12 12 12 12 12 12 12 12 12 12 12 12 12 12 12 12 12 12 12 12 12 12 
8 71 91 136 199 219
7 72 92 135 200 220
6 69 89 134 197 217
5 70 90 133 198 218
4 67 95 132 195 223
3 68 96 131 196 224
2 65 93 130 193 221
1 66 94 129 194 222
16 79 83 144 207 211
15 80 84 143 208 212
14 77 81 142 205 209
13 78 82 141 206 210
12 75 87 140 203 215
11 76 88 139 204 216
10 73 85 138 201 213
9 74 86 137 202 214
24 75 87 152 203 215
23 76 88 151 204 216
22 73 85 150 201 213
21 74 86 149 202 214
20 79 83 148 207 211
19 80 84 147 208 212
18 77 81 146 205 209
17 78 82 145 206 210
32 67 95 160 195 223
31 68 96 159 196 224
30 65 93 158 193 221
29 66 94 157 194 222
28 71 91 156 199 219
27 72 92 155 200 220
26 69 89 154 197 217
25 70 90 153 198 218
40 103 123 168 231 251
39 104 124 167 232 252
38 101 121 166 229 249
37 102 122 165 230 250
36 99 127 164 227 255
35 100 128 163 228 256
34 97 125 162 225 253
33 98 126 161 226 254
48 111 115 176 239 243
47 112 116 175 240 244
46 109 113 174 237 241
45 110 114 173 238 242
44 107 119 172 235 247
43 108 120 171 236 248
42 105 117 170 233 245
41 106 118 169 234 246
56 107 119 184 235 247
55 108 120 183 236 248
54 105 117 182 233 245
53 106 118 181 234 246
52 111 115 180 239 243
51 112 116 179 240 244
50 109 113 178 237 241
49 110 114 177 238 242
64 99 127 192 227 255
63 100 128 191 228 256
62 97 125 190 225 253
61 98 126 189 226 254
60 103 123 188 231 251
59 104 124 187 232 252
58 101 121 186 229 249
57 102 122 185 230 250
7 27 72 135 155 200
8 28 71 136 156 199
5 25 70 133 153 198
6 26 69 134 154 197
3 31 68 131 159 196
4 32 67 132 160 195
1 29 66 129 157 194
2 30 65 130 158 193
15 19 80 143 147 208
16 20 79 144 148 207
13 17 78 141 145 206
14 18 77 142 146 205
11 23 76 139 151 204
12 24 75 140 152 203
9 21 74 137 149 202
10 22 73 138 150 201
11 23 88 139 151 216
12 24 87 140 152 215
9 21 86 137 149 214
10 22 85 138 150 213
15 19 84 143 147 212
16 20 83 144 148 211
13 17 82 141 145 210
14 18 81 142 146 209
3 31 96 131 159 224
4 32 95 132 160 223
1 29 94 129 157 222
2 30 93 130 158 221
7 27 92 135 155 220
8 28 91 136 156 219
5 25 90 133 153 218
6 26 89 134 154 217
39 59 104 167 187 232
40 60 103 168 188 231
37 57 102 165 185 230
38 58 101 166 186 229
35 63 100 163 191 228
36 64 99 164 192 227
33 61 98 161 189 226
34 62 97 162 190 225
47 51 112 175 179 240
48 52 111 176 180 239
45 49 110 173 177 238
46 50 109 174 178 237
43 55 108 171 183 236
44 56 107 172 184 235
41 53 106 169 181 234
42 54 105 170 182 233
43 55 120 171 183 248
44 56 119 172 184 247
41 53 118 169 181 246
42 54 117 170 182 245
47 51 116 175 179 244
48 52 115 176 180 243
45 49 114 173 177 242
46 50 113 174 178 241
35 63 128 163 191 256
36 64 127 164 192 255
33 61 126 161 189 254
34 62 125 162 190 253
39 59 124 167 187 252
40 60 123 168 188 251
37 57 122 165 185 250
38 58 121 166 186 249
17 71 87 145 199 215
18 72 88 146 200 216
19 69 85 147 197 213
20 70 86 148 198 214
21 67 83 149 195 211
22 68 84 150 196 212
23 65 81 151 193 209
24 66 82 152 194 210
25 79 95 153 207 223
26 80 96 154 208 224
27 77 93 155 205 221
28 78 94 156 206 222
29 75 91 157 203 219
30 76 92 158 204 220
31 73 89 159 201 217
32 74 90 160 202 218
1 71 87 129 199 215
2 72 88 130 200 216
3 69 85 131 197 213
4 70 86 132 198 214
5 67 83 133 195 211
6 68 84 134 196 212
7 65 81 135 193 209
8 66 82 136 194 210
9 79 95 137 207 223
10 80 96 138 208 224
11 77 93 139 205 221
12 78 94 140 206 222
13 75 91 141 203 219
14 76 92 142 204 220
15 73 89 143 201 217
16 74 90 144 202 218
49 103 119 177 231 247
50 104 120 178 232 248
51 101 117 179 229 245
52 102 118 180 230 246
53 99 115 181 227 243
54 100 116 182 228 244
55 97 113 183 225 241
56 98 114 184 226 242
57 111 127 185 239 255
58 112 128 186 240 256
59 109 125 187 237 253
60 110 126 188 238 254
61 107 123 189 235 251
62 108 124 190 236 252
63 105 121 191 233 249
64 106 122 192 234 250
33 103 119 161 231 247
34 104 120 162 232 248
35 101 117 163 229 245
36 102 118 164 230 246
37 99 115 165 227 243
38 100 116 166 228 244
39 97 113 167 225 241
40 98 114 168 226 242
41 111 127 169 239 255
42 112 128 170 240 256
43 109 125 171 237 253
44 110 126 172 238 254
45 107 123 173 235 251
46 108 124 174 236 252
47 105 121 175 233 249
48 106 122 176 234 250
7 23 81 135 151 209
8 24 82 136 152 210
5 21 83 133 149 211
6 22 84 134 150 212
3 19 85 131 147 213
4 20 86 132 148 214
1 17 87 129 145 215
2 18 88 130 146 216
15 31 89 143 159 217
16 32 90 144 160 218
13 29 91 141 157 219
14 30 92 142 158 220
11 27 93 139 155 221
12 28 94 140 156 222
9 25 95 137 153 223
10 26 96 138 154 224
7 23 65 135 151 193
8 24 66 136 152 194
5 21 67 133 149 195
6 22 68 134 150 196
3 19 69 131 147 197
4 20 70 132 148 198
1 17 71 129 145 199
2 18 72 130 146 200
15 31 73 143 159 201
16 32 74 144 160 202
13 29 75 141 157 203
14 30 76 142 158 204
11 27 77 139 155 205
12 28 78 140 156 206
9 25 79 137 153 207
10 26 80 138 154 208
39 55 113 167 183 241
40 56 114 168 184 242
37 53 115 165 181 243
38 54 116 166 182 244
35 51 117 163 179 245
36 52 118 164 180 246
33 49 119 161 177 247
34 50 120 162 178 248
47 63 121 175 191 249
48 64 122 176 192 250
45 61 123 173 189 251
46 62 124 174 190 252
43 59 125 171 187 253
44 60 126 172 188 254
41 57 127 169 185 255
42 58 128 170 186 256
39 55 97 167 183 225
40 56 98 168 184 226
37 53 99 165 181 227
38 54 100 166 182 228
35 51 101 163 179 229
36 52 102 164 180 230
33 49 103 161 177 231
34 50 104 162 178 232
47 63 105 175 191 233
48 64 106 176 192 234
45 61 107 173 189 235
46 62 108 174 190 236
43 59 109 171 187 237
44 60 110 172 188 238
41 57 111 169 185 239
42 58 112 170 186 240
49 61 98 177 189 226
50 62 97 178 190 225
51 63 100 179 191 228
52 64 99 180 192 227
53 57 102 181 185 230
54 58 101 182 186 229
55 59 104 183 187 232
56 60 103 184 188 231
53 57 106 181 185 234
54 58 105 182 186 233
55 59 108 183 187 236
56 60 107 184 188 235
49 61 110 177 189 238
50 62 109 178 190 237
51 63 112 179 191 240
52 64 111 180 192 239
33 45 114 161 173 242
34 46 113 162 174 241
35 47 116 163 175 244
36 48 115 164 176 243
37 41 118 165 169 246
38 42 117 166 170 245
39 43 120 167 171 248
40 44 119 168 172 247
37 41 122 165 169 250
38 42 121 166 170 249
39 43 124 167 171 252
40 44 123 168 172 251
33 45 126 161 173 254
34 46 125 162 174 253
35 47 128 163 175 256
36 48 127 164 176 255
17 29 66 145 157 194
18 30 65 146 158 193
19 31 68 147 159 196
20 32 67 148 160 195
21 25 70 149 153 198
22 26 69 150 154 197
23 27 72 151 155 200
24 28 71 152 156 199
21 25 74 149 153 202
22 26 73 150 154 201
23 27 76 151 155 204
24 28 75 152 156 203
17 29 78 145 157 206
18 30 77 146 158 205
19 31 80 147 159 208
20 32 79 148 160 207
1 13 82 129 141 210
2 14 81 130 142 209
3 15 84 131 143 212
4 16 83 132 144 211
5 9 86 133 137 214
6 10 85 134 138 213
7 11 88 135 139 216
8 12 87 136 140 215
5 9 90 133 137 218
6 10 89 134 138 217
7 11 92 135 139 220
8 12 91 136 140 219
1 13 94 129 141 222
2 14 93 130 142 221
3 15 96 131 143 224
4 16 95 132 144 223
34 113 125 162 241 253
33 114 126 161 242 254
36 115 127 164 243 255
35 116 128 163 244 256
38 117 121 166 245 249
37 118 122 165 246 250
40 119 123 168 247 251
39 120 124 167 248 252
42 117 121 170 245 249
41 118 122 169 246 250
44 119 123 172 247 251
43 120 124 171 248 252
46 113 125 174 241 253
45 114 126 173 242 254
48 115 127 176 243 255
47 116 128 175 244 256
50 97 109 178 225 237
49 98 110 177 226 238
52 99 111 180 227 239
51 100 112 179 228 240
54 101 105 182 229 233
53 102 106 181 230 234
56 103 107 184 231 235
55 104 108 183 232 236
58 101 105 186 229 233
57 102 106 185 230 234
60 103 107 188 231 235
59 104 108 187 232 236
62 97 109 190 225 237
61 98 110 189 226 238
64 99 111 192 227 239
63 100 112 191 228 240
2 81 93 130 209 221
1 82 94 129 210 222
4 83 95 132 211 223
3 84 96 131 212 224
6 85 89 134 213 217
5 86 90 133 214 218
8 87 91 136 215 219
7 88 92 135 216 220
10 85 89 138 213 217
9 86 90 137 214 218
12 87 91 140 215 219
11 88 92 139 216 220
14 81 93 142 209 221
13 82 94 141 210 222
16 83 95 144 211 223
15 84 96 143 212 224
18 65 77 146 193 205
17 66 78 145 194 206
20 67 79 148 195 207
19 68 80 147 196 208
22 69 73 150 197 201
21 70 74 149 198 202
24 71 75 152 199 203
23 72 76 151 200 204
26 69 73 154 197 201
25 70 74 153 198 202
28 71 75 156 199 203
27 72 76 155 200 204
30 65 77 158 193 205
29 66 78 157 194 206
32 67 79 160 195 207
31 68 80 159 196 208
33 64 89 161 192 217
34 63 90 162 191 218
35 62 91 163 190 219
36 61 92 164 189 220
37 60 93 165 188 221
38 59 94 166 187 222
39 58 95 167 186 223
40 57 96 168 185 224
41 56 81 169 184 209
42 55 82 170 183 210
43 54 83 171 182 211
44 53 84 172 181 212
45 52 85 173 180 213
46 51 86 174 179 214
47 50 87 175 178 215
48 49 88 176 177 216
48 49 73 176 177 201
47 50 74 175 178 202
46 51 75 174 179 203
45 52 76 173 180 204
44 53 77 172 181 205
43 54 78 171 182 206
42 55 79 170 183 207
41 56 80 169 184 208
40 57 65 168 185 193
39 58 66 167 186 194
38 59 67 166 187 195
37 60 68 165 188 196
36 61 69 164 189 197
35 62 70 163 190 198
34 63 71 162 191 199
33 64 72 161 192 200
1 32 121 129 160 249
2 31 122 130 159 250
3 30 123 131 158 251
4 29 124 132 157 252
5 28 125 133 156 253
6 27 126 134 155 254
7 26 127 135 154 255
8 25 128 136 153 256
9 24 113 137 152 241
10 23 114 138 151 242
11 22 115 139 150 243
12 21 116 140 149 244
13 20 117 141 148 245
14 19 118 142 147 246
15 18 119 143 146 247
16 17 120 144 145 248
16 17 105 144 145 233
15 18 106 143 146 234
14 19 107 142 147 235
13 20 108 141 148 236
12 21 109 140 149 237
11 22 110 139 150 238
10 23 111 138 151 239
9 24 112 137 152 240
8 25 97 136 153 225
7 26 98 135 154 226
6 27 99 134 155 227
5 28 100 133 156 228
4 29 101 132 157 229
3 30 102 131 158 230
2 31 103 130 159 231
1 32 104 129 160 232
25 97 128 153 225 256
26 98 127 154 226 255
27 99 126 155 227 254
28 100 125 156 228 253
29 101 124 157 229 252
30 102 123 158 230 251
31 103 122 159 231 250
32 104 121 160 232 249
17 105 120 145 233 248
18 106 119 146 234 247
19 107 118 147 235 246
20 108 117 148 236 245
21 109 116 149 237 244
22 110 115 150 238 243
23 111 114 151 239 242
24 112 113 152 240 241
9 112 113 137 240 241
10 111 114 138 239 242
11 110 115 139 238 243
12 109 116 140 237 244
13 108 117 141 236 245
14 107 118 142 235 246
15 106 119 143 234 247
16 105 120 144 233 248
1 104 121 129 232 249
2 103 122 130 231 250
3 102 123 131 230 251
4 101 124 132 229 252
5 100 125 133 228 253
6 99 126 134 227 254
7 98 127 135 226 255
8 97 128 136 225 256
57 65 96 185 193 224
58 66 95 186 194 223
59 67 94 187 195 222
60 68 93 188 196 221
61 69 92 189 197 220
62 70 91 190 198 219
63 71 90 191 199 218
64 72 89 192 200 217
49 73 88 177 201 216
50 74 87 178 202 215
51 75 86 179 203 214
52 76 85 180 204 213
53 77 84 181 205 212
54 78 83 182 206 211
55 79 82 183 207 210
56 80 81 184 208 209
41 80 81 169 208 209
42 79 82 170 207 210
43 78 83 171 206 211
44 77 84 172 205 212
45 76 85 173 204 213
46 75 86 174 203 214
47 74 87 175 202 215
48 73 88 176 201 216
33 72 89 161 200 217
34 71 90 162 199 218
35 70 91 163 198 219
36 69 92 164 197 220
37 68 93 165 196 221
38 67 94 166 195 222
39 66 95 167 194 223
40 65 96 168 193 224
8 71 91 145 199 215 305 317 354 417 448 473
7 72 92 146 200 216 306 318 353 418 447 474
6 69 89 147 197 213 307 319 356 419 446 475
5 70 90 148 198 214 308 320 355 420 445 476
4 67 95 149 195 211 309 313 358 421 444 477
3 68 96 150 196 212 310 314 357 422 443 478
2 65 93 151 193 209 311 315 360 423 442 479
1 66 94 152 194 210 312 316 359 424 441 480
16 79 83 153 207 223 309 313 362 425 440 465
15 80 84 154 208 224 310 314 361 426 439 466
14 77 81 155 205 221 311 315 364 427 438 467
13 78 82 156 206 222 312 316 363 428 437 468
12 75 87 157 203 219 305 317 366 429 436 469
11 76 88 158 204 220 306 318 365 430 435 470
10 73 85 159 201 217 307 319 368 431 434 471
9 74 86 160 202 218 308 320 367 432 433 472
24 75 87 129 199 215 289 301 370 432 433 457
23 76 88 130 200 216 290 302 369 431 434 458
22 73 85 131 197 213 291 303 372 430 435 459
21 74 86 132 198 214 292 304 371 429 436 460
20 79 83 133 195 211 293 297 374 428 437 461
19 80 84 134 196 212 294 298 373 427 438 462
18 77 81 135 193 209 295 299 376 426 439 463
17 78 82 136 194 210 296 300 375 425 440 464
32 67 95 137 207 223 293 297 378 424 441 449
31 68 96 138 208 224 294 298 377 423 442 450
30 65 93 139 205 221 295 299 380 422 443 451
29 66 94 140 206 222 296 300 379 421 444 452
28 71 91 141 203 219 289 301 382 420 445 453
27 72 92 142 204 220 290 302 381 419 446 454
26 69 89 143 201 217 291 303 384 418 447 455
25 70 90 144 202 218 292 304 383 417 448 456
40 103 123 177 231 247 273 285 322 385 416 505
39 104 124 178 232 248 274 286 321 386 415 506
38 101 121 179 229 245 275 287 324 387 414 507
37 102 122 180 230 246 276 288 323 388 413 508
36 99 127 181 227 243 277 281 326 389 412 509
35 100 128 182 228 244 278 282 325 390 411 510
34 97 125 183 225 241 279 283 328 391 410 511
33 98 126 184 226 242 280 284 327 392 409 512
48 111 115 185 239 255 277 281 330 393 408 497
47 112 116 186 240 256 278 282 329 394 407 498
46 109 113 187 237 253 279 283 332 395 406 499
45 110 114 188 238 254 280 284 331 396 405 500
44 107 119 189 235 251 273 285 334 397 404 501
43 108 120 190 236 252 274 286 333 398 403 502
42 105 117 191 233 249 275 287 336 399 402 503
41 106 118 192 234 250 276 288 335 400 401 504
56 107 119 161 231 247 257 269 338 400 401 489
55 108 120 162 232 248 258 270 337 399 402 490
54 105 117 163 229 245 259 271 340 398 403 491
53 106 118 164 230 246 260 272 339 397 404 492
52 111 115 165 227 243 261 265 342 396 405 493
51 112 116 166 228 244 262 266 341 395 406 494
50 109 113 167 225 241 263 267 344 394 407 495
49 110 114 168 226 242 264 268 343 393 408 496
64 99 127 169 239 255 261 265 346 392 409 481
63 100 128 170 240 256 262 266 345 391 410 482
62 97 125 171 237 253 263 267 348 390 411 483
61 98 126 172 238 254 264 268 347 389 412 484
60 103 123 173 235 251 257 269 350 388 413 485
59 104 124 174 236 252 258 270 349 387 414 486
58 101 121 175 233 249 259 271 352 386 415 487
57 102 122 176 234 250 260 272 351 385 416 488
7 27 72 135 151 209 290 369 381 409 481 512
8 28 71 136 152 210 289 370 382 410 482 511
5 25 70 133 149 211 292 371 383 411 483 510
6 26 69 134 150 212 291 372 384 412 484 509
3 31 68 131 147 213 294 373 377 413 485 508
4 32 67 132 148 214 293 374 378 414 486 507
1 29 66 129 145 215 296 375 379 415 487 506
2 30 65 130 146 216 295 376 380 416 488 505
15 19 80 143 159 217 298 373 377 401 489 504
16 20 79 144 160 218 297 374 378 402 490 503
13 17 78 141 157 219 300 375 379 403 491 502
14 18 77 142 158 220 299 376 380 404 492 501
11 23 76 139 155 221 302 369 381 405 493 500
12 24 75 140 156 222 301 370 382 406 494 499
9 21 74 137 153 223 304 371 383 407 495 498
10 22 73 138 154 224 303 372 384 408 496 497
11 23 88 135 151 193 306 353 365 393 496 497
12 24 87 136 152 194 305 354 366 394 495 498
9 21 86 133 149 195 308 355 367 395 494 499
10 22 85 134 150 196 307 356 368 396 493 500
15 19 84 131 147 197 310 357 361 397 492 501
16 20 83 132 148 198 309 358 362 398 491 502
13 17 82 129 145 199 312 359 363 399 490 503
14 18 81 130 146 200 311 360 364 400 489 504
3 31 96 143 159 201 314 357 361 385 488 505
4 32 95 144 160 202 313 358 362 386 487 506
1 29 94 141 157 203 316 359 363 387 486 507
2 30 93 142 158 204 315 360 364 388 485 508
7 27 92 139 155 205 318 353 365 389 484 509
8 28 91 140 156 206 317 354 366 390 483 510
5 25 90 137 153 207 320 355 367 391 482 511
6 26 89 138 154 208 319 356 368 392 481 512
39 59 104 167 183 241 258 337 349 441 449 480
40 60 103 168 184 242 257 338 350 442 450 479
37 57 102 165 181 243 260 339 351 443 451 478
38 58 101 166 182 244 259 340 352 444 452 477
35 63 100 163 179 245 262 341 345 445 453 476
36 64 99 164 180 246 261 342 346 446 454 475
33 61 98 161 177 247 264 343 347 447 455 474
34 62 97 162 178 248 263 344 348 448 456 473
47 51 112 175 191 249 266 341 345 433 457 472
48 52 111 176 192 250 265 342 346 434 458 471
45 49 110 173 189 251 268 343 347 435 459 470
46 50 109 174 190 252 267 344 348 436 460 469
43 55 108 171 187 253 270 337 349 437 461 468
44 56 107 172 188 254 269 338 350 438 462 467
41 53 106 169 185 255 272 339 351 439 463 466
42 54 105 170 186 256 271 340 352 440 464 465
43 55 120 167 183 225 274 321 333 425 464 465
44 56 119 168 184 226 273 322 334 426 463 466
41 53 118 165 181 227 276 323 335 427 462 467
42 54 117 166 182 228 275 324 336 428 461 468
47 51 116 163 179 229 278 325 329 429 460 469
48 52 115 164 180 230 277 326 330 430 459 470
45 49 114 161 177 231 280 327 331 431 458 471
46 50 113 162 178 232 279 328 332 432 457 472
35 63 128 175 191 233 282 325 329 417 456 473
36 64 127 176 192 234 281 326 330 418 455 474
33 61 126 173 189 235 284 327 331 419 454 475
34 62 125 174 190 236 283 328 332 420 453 476
39 59 124 171 187 237 286 321 333 421 452 477
40 60 123 172 188 238 285 322 334 422 451 478
37 57 122 169 185 239 288 323 335 423 450 479
38 58 121 170 186 240 287 324 336 424 449 480
8 71 91 145 199 215 305 317 354 417 448 473
7 72 92 146 200 216 306 318 353 418 447 474
6 69 89 147 197 213 307 319 356 419 446 475
5 70 90 148 198 214 308 320 355 420 445 476
4 67 95 149 195 211 309 313 358 421 444 477
3 68 96 150 196 212 310 314 357 422 443 478
2 65 93 151 193 209 311 315 360 423 442 479
1 66 94 152 194 210 312 316 359 424 441 480
16 79 83 153 207 223 309 313 362 425 440 465
15 80 84 154 208 224 310 314 361 426 439 466
14 77 81 155 205 221 311 315 364 427 438 467
13 78 82 156 206 222 312 316 363 428 437 468
12 75 87 157 203 219 305 317 366 429 436 469
11 76 88 158 204 220 306 318 365 430 435 470
10 73 85 159 201 217 307 319 368 431 434 471
9 74 86 160 202 218 308 320 367 432 433 472
24 75 87 129 199 215 289 301 370 432 433 457
23 76 88 130 200 216 290 302 369 431 434 458
22 73 85 131 197 213 291 303 372 430 435 459
21 74 86 132 198 214 292 304 371 429 436 460
20 79 83 133 195 211 293 297 374 428 437 461
19 80 84 134 196 212 294 298 373 427 438 462
18 77 81 135 193 209 295 299 376 426 439 463
17 78 82 136 194 210 296 300 375 425 440 464
32 67 95 137 207 223 293 297 378 424 441 449
31 68 96 138 208 224 294 298 377 423 442 450
30 65 93 139 205 221 295 299 380 422 443 451
29 66 94 140 206 222 296 300 379 421 444 452
28 71 91 141 203 219 289 301 382 420 445 453
27 72 92 142 204 220 290 302 381 419 446 454
26 69 89 143 201 217 291 303 384 418 447 455
25 70 90 144 202 218 292 304 383 417 448 456
40 103 123 177 231 247 273 285 322 385 416 505
39 104 124 178 232 248 274 286 321 386 415 506
38 101 121 179 229 245 275 287 324 387 414 507
37 102 122 180 230 246 276 288 323 388 413 508
36 99 127 181 227 243 277 281 326 389 412 509
35 100 128 182 228 244 278 282 325 390 411 510
34 97 125 183 225 241 279 283 328 391 410 511
33 98 126 184 226 242 280 284 327 392 409 512
48 111 115 185 239 255 277 281 330 393 408 497
47 112 116 186 240 256 278 282 329 394 407 498
46 109 113 187 237 253 279 283 332 395 406 499
45 110 114 188 238 254 280 284 331 396 405 500
44 107 119 189 235 251 273 285 334 397 404 501
43 108 120 190 236 252 274 286 333 398 403 502
42 105 117 191 233 249 275 287 336 399 402 503
41 106 118 192 234 250 276 288 335 400 401 504
56 107 119 161 231 247 257 269 338 400 401 489
55 108 120 162 232 248 258 270 337 399 402 490
54 105 117 163 229 245 259 271 340 398 403 491
53 106 118 164 230 246 260 272 339 397 404 492
52 111 115 165 227 243 261 265 342 396 405 493
51 112 116 166 228 244 262 266 341 395 406 494
50 109 113 167 225 241 263 267 344 394 407 495
49 110 114 168 226 242 264 268 343 393 408 496
64 99 127 169 239 255 261 265 346 392 409 481
63 100 128 170 240 256 262 266 345 391 410 482
62 97 125 171 237 253 263 267 348 390 411 483
61 98 126 172 238 254 264 268 347 389 412 484
60 103 123 173 235 251 257 269 350 388 413 485
59 104 124 174 236 252 258 270 349 387 414 486
58 101 121 175 233 249 259 271 352 386 415 487
57 102 122 176 234 250 260 272 351 385 416 488
7 27 72 135 151 209 290 369 381 409 481 512
8 28 71 136 152 210 289 370 382 410 482 511
5 25 70 133 149 211 292 371 383 411 483 510
6 26 69 134 150 212 291 372 384 412 484 509
3 31 68 131 147 213 294 373 377 413 485 508
4 32 67 132 148 214 293 374 378 414 486 507
1 29 66 129 145 215 296 375 379 415 487 506
2 30 65 130 146 216 295 376 380 416 488 505
15 19 80 143 159 217 298 373 377 401 489 504
16 20 79 144 160 218 297 374 378 402 490 503
13 17 78 141 157 219 300 375 379 403 491 502
14 18 77 142 158 220 299 376 380 404 492 501
11 23 76 139 155 221 302 369 381 405 493 500
12 24 75 140 156 222 301 370 382 406 494 499
9 21 74 137 153 223 304 371 383 407 495 498
10 22 73 138 154 224 303 372 384 408 496 497
11 23 88 135 151 193 306 353 365 393 496 497
12 24 87 136 152 194 305 354 366 394 495 498
9 21 86 133 149 195 308 355 367 395 494 499
10 22 85 134 150 196 307 356 368 396 493 500
15 19 84 131 147 197 310 357 361 397 492 501
16 20 83 132 148 198 309 358 362 398 491 502
13 17 82 129 145 199 312 359 363 399 490 503
14 18 81 130 146 200 311 360 364 400 489 504
3 31 96 143 159 201 314 357 361 385 488 505
4 32 95 144 160 202 313 358 362 386 487 506
1 29 94 141 157 203 316 359 363 387 486 507
2 30 93 142 158 204 315 360 364 388 485 508
7 27 92 139 155 205 318 353 365 389 484 509
8 28 91 140 156 206 317 354 366 390 483 510
5 25 90 137 153 207 320 355 367 391 482 511
6 26 89 138 154 208 319 356 368 392 481 512
39 59 104 167 183 241 258 337 349 441 449 480
40 60 103 168 184 242 257 338 350 442 450 479
37 57 102 165 181 243 260 339 351 443 451 478
38 58 101 166 182 244 259 340 352 444 452 477
35 63 100 163 179 245 262 341 345 445 453 476
36 64 99 164 180 246 261 342 346 446 454 475
33 61 98 161 177 247 264 343 347 447 455 474
34 62 97 162 178 248 263 344 348 448 456 473
47 51 112 175 191 249 266 341 345 433 457 472
48 52 111 176 192 250 265 342 346 434 458 471
45 49 110 173 189 251 268 343 347 435 459 470
46 50 109 174 190 252 267 344 348 436 460 469
43 55 108 171 187 253 270 337 349 437 461 468
44 56 107 172 188 254 269 338 350 438 462 467
41 53 106 169 185 255 272 339 351 439 463 466
42 54 105 170 186 256 271 340 352 440 464 465
43 55 120 167 183 225 274 321 333 425 464 465
44 56 119 168 184 226 273 322 334 426 463 466
41 53 118 165 181 227 276 323 335 427 462 467
42 54 117 166 182 228 275 324 336 428 461 468
47 51 116 163 179 229 278 325 329 429 460 469
48 52 115 164 180 230 277 326 330 430 459 470
45 49 114 161 177 231 280 327 331 431 458 471
46 50 113 162 178 232 279 328 332 432 457 472
35 63 128 175 191 233 282 325 329 417 456 473
36 64 127 176 192 234 281 326 330 418 455 474
33 61 126 173 189 235 284 327 331 419 454 475
34 62 125 174 190 236 283 328 332 420 453 476
39 59 124 171 187 237 286 321 333 421 452 477
40 60 123 172 188 238 285 322 334 422 451 478
37 57 122 169 185 239 288 323 335 423 450 479
38 58 121 170 186 240 287 324 336 424 449 480
1 1 1 1 1 1 1 1 1 1 1 1
1 1 1 1 1 1 1 1 1 1 1 1
1 1 1 1 1 1 1 1 1 1 1 1
1 1 1 1 1 1 1 1 1 1 1 1
1 1 1 1 1 1 1 1 1 1 1 1
1 1 1 1 1 1 1 1 1 1 1 1
1 1 1 1 1 1 1 1 1 1 1 1
1 1 1 1 1 1 1 1 1 1 1 1
1 1 1 1 1 1 1 1 1 1 1 1
1 1 1 1 1 1 1 1 1 1 1 1
1 1 1 1 1 1 1 1 1 1 1 1
1 1 1 1 1 1 1 1 1 1 1 1
1 1 1 1 1 1 1 1 1 1 1 1
1 1 1 1 1 1 1 1 1 1 1 1
1 1 1 1 1 1 1 1 1 1 1 1
1 1 1 1 1 1 1 1 1 1 1 1
1 1 1 1 1 1 1 1 1 1 1 1
1 1 1 1 1 1 1 1 1 1 1 1
1 1 1 1 1 1 1 1 1 1 1 1
1 1 1 1 1 1 1 1 1 1 1 1
1 1 1 1 1 1 1 1 1 1 1 1
1 1 1 1 1 1 1 1 1 1 1 1
1 1 1 1 1 1 1 1 1 1 1 1
1 1 1 1 1 1 1 1 1 1 1 1
1 1 1 1 1 1 1 1 1 1 1 1
1 1 1 1 1 1 1 1 1 1 1 1
1 1 1 1 1 1 1 1 1 1 1 1
1 1 1 1 1 1 1 1 1 1 1 1
1 1 1 1 1 1 1 1 1 1 1 1
1 1 1 1 1 1 1 1 1 1 1 1
1 1 1 1 1 1 1 1 1 1 1 1
1 1 1 1 1 1 1 1 1 1 1 1
1 1 1 1 1 1 1 1 1 1 1 1
1 1 1 1 1 1 1 1 1 1 1 1
1 1 1 1 1 1 1 1 1 1 1 1
1 1 1 1 1 1 1 1 1 1 1 1
1 1 1 1 1 1 1 1 1 1 1 1
1 1 1 1 1 1 1 1 1 1 1 1
1 1 1 1 1 1 1 1 1 1 1 1
1 1 1 1 1 1 1 1 1 1 1 1
1 1 1 1 1 1 1 1 1 1 1 1
1 1 1 1 1 1 1 1 1 1 1 1
1 1 1 1 1 1 1 1 1 1 1 1
1 1 1 1 1 1 1 1 1 1 1 1
1 1 1 1 1 1 1 1 1 1 1 1
1 1 1 1 1 1 1 1 1 1 1 1
1 1 1 1 1 1 1 1 1 1 1 1
1 1 1 1 1 1 1 1 1 1 1 1
1 1 1 1 1 1 1 1 1 1 1 1
1 1 1 1 1 1 1 1 1 1 1 1
1 1 1 1 1 1 1 1 1 1 1 1
1 1 1 1 1 1 1 1 1 1 1 1
1 1 1 1 1 1 1 1 1 1 1 1
1 1 1 1 1 1 1 1 1 1 1 1
1 1 1 1 1 1 1 1 1 1 1 1
1 1 1 1 1 1 1 1 1 1 1 1
1 1 1 1 1 1 1 1 1 1 1 1
1 1 1 1 1 1 1 1 1 1 1 1
1 1 1 1 1 1 1 1 1 1 1 1
1 1 1 1 1 1 1 1 1 1 1 1
1 1 1 1 1 1 1 1 1 1 1 1
1 1 1 1 1 1 1 1 1 1 1 1
1 1 1 1 1 1 1 1 1 1 1 1
1 1 1 1 1 1 1 1 1 1 1 1
1 1 1 1 1 1 1 1 1 1 1 1
1 1 1 1 1 1 1 1 1 1 1 1
1 1 1 1 1 1 1 1 1 1 1 1
1 1 1 1 1 1 1 1 1 1 1 1
1 1 1 1 1 1 1 1 1 1 1 1
1 1 1 1 1 1 1 1 1 1 1 1
1 1 1 1 1 1 1 1 1 1 1 1
1 1 1 1 1 1 1 1 1 1 1 1
1 1 1 1 1 1 1 1 1 1 1 1
1 1 1 1 1 1 1 1 1 1 1 1
1 1 1 1 1 1 1 1 1 1 1 1
1 1 1 1 1 1 1 1 1 1 1 1
1 1 1 1 1 1 1 1 1 1 1 1
1 1 1 1 1 1 1 1 1 1 1 1
1 1 1 1 1 1 1 1 1 1 1 1
1 1 1 1 1 1 1 1 1 1 1 1
1 1 1 1 1 1 1 1 1 1 1 1
1 1 1 1 1 1 1 1 1 1 1 1
1 1 1 1 1 1 1 1 1 1 1 1
1 1 1 1 1 1 1 1 1 1 1 1
1 1 1 1 1 1 1 1 1 1 1 1
1 1 1 1 1 1 1 1 1 1 1 1
1 1 1 1 1 1 1 1 1 1 1 1
1 1 1 1 1 1 1 1 1 1 1 1
1 1 1 1 1 1 1 1 1 1 1 1
1 1 1 1 1 1 1 1 1 1 1 1
1 1 1 1 1 1 1 1 1 1 1 1
1 1 1 1 1 1 1 1 1 1 1 1
1 1 1 1 1 1 1 1 1 1 1 1
1 1 1 1 1 1 1 1 1 1 1 1
1 1 1 1 1 1 1 1 1 1 1 1
1 1 1 1 1 1 1 1 1 1 1 1
1 1 1 1 1 1 1 1 1 1 1 1
1 1 1 1 1 1 1 1 1 1 1 1
1 1 1 1 1 1 1 1 1 1 1 1
1 1 1 1 1 1 1 1 1 1 1 1
1 1 1 1 1 1 1 1 1 1 1 1
1 1 1 1 1 1 1 1 1 1 1 1
1 1 1 1 1 1 1 1 1 1 1 1
1 1 1 1 1 1 1 1 1 1 1 1
1 1 1 1 1 1 1 1 1 1 1 1
1 1 1 1 1 1 1 1 1 1 1 1
1 1 1 1 1 1 1 1 1 1 1 1
1 1 1 1 1 1 1 1 1 1 1 1
1 1 1 1 1 1 1 1 1 1 1 1
1 1 1 1 1 1 1 1 1 1 1 1
1 1 1 1 1 1 1 1 1 1 1 1
1 1 1 1 1 1 1 1 1 1 1 1
1 1 1 1 1 1 1 1 1 1 1 1
1 1 1 1 1 1 1 1 1 1 1 1
1 1 1 1 1 1 1 1 1 1 1 1
1 1 1 1 1 1 1 1 1 1 1 1
1 1 1 1 1 1 1 1 1 1 1 1
1 1 1 1 1 1 1 1 1 1 1 1
1 1 1 1 1 1 1 1 1 1 1 1
1 1 1 1 1 1 1 1 1 1 1 1
1 1 1 1 1 1 1 1 1 1 1 1
1 1 1 1 1 1 1 1 1 1 1 1
1 1 1 1 1 1 1 1 1 1 1 1
1 1 1 1 1 1 1 1 1 1 1 1
1 1 1 1 1 1 1 1 1 1 1 1
1 1 1 1 1 1 1 1 1 1 1 1
1 1 1 1 1 1 1 1 1 1 1 1
1 1 1 1 1 1 1 1 1 1 1 1
2 2 2 2 2 2 2 2 2 2 2 2
2 2 2 2 2 2 2 2 2 2 2 2
2 2 2 2 2 2 2 2 2 2 2 2
2 2 2 2 2 2 2 2 2 2 2 2
2 2 2 2 2 2 2 2 2 2 2 2
2 2 2 2 2 2 2 2 2 2 2 2
2 2 2 2 2 2 2 2 2 2 2 2
2 2 2 2 2 2 2 2 2 2 2 2
2 2 2 2 2 2 2 2 2 2 2 2
2 2 2 2 2 2 2 2 2 2 2 2
2 2 2 2 2 2 2 2 2 2 2 2
2 2 2 2 2 2 2 2 2 2 2 2
2 2 2 2 2 2 2 2 2 2 2 2
2 2 2 2 2 2 2 2 2 2 2 2
2 2 2 2 2 2 2 2 2 2 2 2
2 2 2 2 2 2 2 2 2 2 2 2
2 2 2 2 2 2 2 2 2 2 2 2
2 2 2 2 2 2 2 2 2 2 2 2
2 2 2 2 2 2 2 2 2 2 2 2
2 2 2 2 2 2 2 2 2 2 2 2
2 2 2 2 2 2 2 2 2 2 2 2
2 2 2 2 2 2 2 2 2 2 2 2
2 2 2 2 2 2 2 2 2 2 2 2
2 2 2 2 2 2 2 2 2 2 2 2
2 2 2 2 2 2 2 2 2 2 2 2
2 2 2 2 2 2 2 2 2 2 2 2
2 2 2 2 2 2 2 2 2 2 2 2
2 2 2 2 2 2 2 2 2 2 2 2
2 2 2 2 2 2 2 2 2 2 2 2
2 2 2 2 2 2 2 2 2 2 2 2
2 2 2 2 2 2 2 2 2 2 2 2
2 2 2 2 2 2 2 2 2 2 2 2
2 2 2 2 2 2 2 2 2 2 2 2
2 2 2 2 2 2 2 2 2 2 2 2
2 2 2 2 2 2 2 2 2 2 2 2
2 2 2 2 2 2 2 2 2 2 2 2
2 2 2 2 2 2 2 2 2 2 2 2
2 2 2 2 2 2 2 2 2 2 2 2
2 2 2 2 2 2 2 2 2 2 2 2
2 2 2 2 2 2 2 2 2 2 2 2
2 2 2 2 2 2 2 2 2 2 2 2
2 2 2 2 2 2 2 2 2 2 2 2
2 2 2 2 2 2 2 2 2 2 2 2
2 2 2 2 2 2 2 2 2 2 2 2
2 2 2 2 2 2 2 2 2 2 2 2
2 2 2 2 2 2 2 2 2 2 2 2
2 2 2 2 2 2 2 2 2 2 2 2
2 2 2 2 2 2 2 2 2 2 2 2
2 2 2 2 2 2 2 2 2 2 2 2
2 2 2 2 2 2 2 2 2 2 2 2
2 2 2 2 2 2 2 2 2 2 2 2
2 2 2 2 2 2 2 2 2 2 2 2
2 2 2 2 2 2 2 2 2 2 2 2
2 2 2 2 2 2 2 2 2 2 2 2
2 2 2 2 2 2 2 2 2 2 2 2
2 2 2 2 2 2 2 2 2 2 2 2
2 2 2 2 2 2 2 2 2 2 2 2
2 2 2 2 2 2 2 2 2 2 2 2
2 2 2 2 2 2 2 2 2 2 2 2
2 2 2 2 2 2 2 2 2 2 2 2
2 2 2 2 2 2 2 2 2 2 2 2
2 2 2 2 2 2 2 2 2 2 2 2
2 2 2 2 2 2 2 2 2 2 2 2
2 2 2 2 2 2 2 2 2 2 2 2
2 2 2 2 2 2 2 2 2 2 2 2
2 2 2 2 2 2 2 2 2 2 2 2
2 2 2 2 2 2 2 2 2 2 2 2
2 2 2 2 2 2 2 2 2 2 2 2
2 2 2 2 2 2 2 2 2 2 2 2
2 2 2 2 2 2 2 2 2 2 2 2
2 2 2 2 2 2 2 2 2 2 2 2
2 2 2 2 2 2 2 2 2 2 2 2
2 2 2 2 2 2 2 2 2 2 2 2
2 2 2 2 2 2 2 2 2 2 2 2
2 2 2 2 2 2 2 2 2 2 2 2
2 2 2 2 2 2 2 2 2 2 2 2
2 2 2 2 2 2 2 2 2 2 2 2
2 2 2 2 2 2 2 2 2 2 2 2
2 2 2 2 2 2 2 2 2 2 2 2
2 2 2 2 2 2 2 2 2 2 2 2
2 2 2 2 2 2 2 2 2 2 2 2
2 2 2 2 2 2 2 2 2 2 2 2
2 2 2 2 2 2 2 2 2 2 2 2
2 2 2 2 2 2 2 2 2 2 2 2
2 2 2 2 2 2 2 2 2 2 2 2
2 2 2 2 2 2 2 2 2 2 2 2
2 2 2 2 2 2 2 2 2 2 2 2
2 2 2 2 2 2 2 2 2 2 2 2
2 2 2 2 2 2 2 2 2 2 2 2
2 2 2 2 2 2 2 2 2 2 2 2
2 2 2 2 2 2 2 2 2 2 2 2
2 2 2 2 2 2 2 2 2 2 2 2
2 2 2 2 2 2 2 2 2 2 2 2
2 2 2 2 2 2 2 2 2 2 2 2
2 2 2 2 2 2 2 2 2 2 2 2
2 2 2 2 2 2 2 2 2 2 2 2
2 2 2 2 2 2 2 2 2 2 2 2
2 2 2 2 2 2 2 2 2 2 2 2
2 2 2 2 2 2 2 2 2 2 2 2
2 2 2 2 2 2 2 2 2 2 2 2
2 2 2 2 2 2 2 2 2 2 2 2
2 2 2 2 2 2 2 2 2 2 2 2
2 2 2 2 2 2 2 2 2 2 2 2
2 2 2 2 2 2 2 2 2 2 2 2
2 2 2 2 2 2 2 2 2 2 2 2
2 2 2 2 2 2 2 2 2 2 2 2
2 2 2 2 2 2 2 2 2 2 2 2
2 2 2 2 2 2 2 2 2 2 2 2
2 2 2 2 2 2 2 2 2 2 2 2
2 2 2 2 2 2 2 2 2 2 2 2
2 2 2 2 2 2 2 2 2 2 2 2
2 2 2 2 2 2 2 2 2 2 2 2
2 2 2 2 2 2 2 2 2 2 2 2
2 2 2 2 2 2 2 2 2 2 2 2
2 2 2 2 2 2 2 2 2 2 2 2
2 2 2 2 2 2 2 2 2 2 2 2
2 2 2 2 2 2 2 2 2 2 2 2
2 2 2 2 2 2 2 2 2 2 2 2
2 2 2 2 2 2 2 2 2 2 2 2
2 2 2 2 2 2 2 2 2 2 2 2
2 2 2 2 2 2 2 2 2 2 2 2
2 2 2 2 2 2 2 2 2 2 2 2
2 2 2 2 2 2 2 2 2 2 2 2
2 2 2 2 2 2 2 2 2 2 2 2
2 2 2 2 2 2 2 2 2 2 2 2
2 2 2 2 2 2 2 2 2 2 2 2
2 2 2 2 2 2 2 2 2 2 2 2
2 2 2 2 2 2 2 2 2 2 2 2
1 1 1 2 2 2
1 1 1 2 2 2
1 1 1 2 2 2
1 1 1 2 2 2
1 1 1 2 2 2
1 1 1 2 2 2
1 1 1 2 2 2
1 1 1 2 2 2
1 1 1 2 2 2
1 1 1 2 2 2
1 1 1 2 2 2
1 1 1 2 2 2
1 1 1 2 2 2
1 1 1 2 2 2
1 1 1 2 2 2
1 1 1 2 2 2
1 1 1 2 2 2
1 1 1 2 2 2
1 1 1 2 2 2
1 1 1 2 2 2
1 1 1 2 2 2
1 1 1 2 2 2
1 1 1 2 2 2
1 1 1 2 2 2
1 1 1 2 2 2
1 1 1 2 2 2
1 1 1 2 2 2
1 1 1 2 2 2
1 1 1 2 2 2
1 1 1 2 2 2
1 1 1 2 2 2
1 1 1 2 2 2
1 1 1 2 2 2
1 1 1 2 2 2
1 1 1 2 2 2
1 1 1 2 2 2
1 1 1 2 2 2
1 1 1 2 2 2
1 1 1 2 2 2
1 1 1 2 2 2
1 1 1 2 2 2
1 1 1 2 2 2
1 1 1 2 2 2
1 1 1 2 2 2
1 1 1 2 2 2
1 1 1 2 2 2
1 1 1 2 2 2
1 1 1 2 2 2
1 1 1 2 2 2
1 1 1 2 2 2
1 1 1 2 2 2
1 1 1 2 2 2
1 1 1 2 2 2
1 1 1 2 2 2
1 1 1 2 2 2
1 1 1 2 2 2
1 1 1 2 2 2
1 1 1 2 2 2
1 1 1 2 2 2
1 1 1 2 2 2
1 1 1 2 2 2
1 1 1 2 2 2
1 1 1 2 2 2
1 1 1 2 2 2
1 1 1 2 2 2
1 1 1 2 2 2
1 1 1 2 2 2
1 1 1 2 2 2
1 1 1 2 2 2
1 1 1 2 2 2
1 1 1 2 2 2
1 1 1 2 2 2
1 1 1 2 2 2
1 1 1 2 2 2
1 1 1 2 2 2
1 1 1 2 2 2
1 1 1 2 2 2
1 1 1 2 2 2
1 1 1 2 2 2
1 1 1 2 2 2
1 1 1 2 2 2
1 1 1 2 2 2
1 1 1 2 2 2
1 1 1 2 2 2
1 1 1 2 2 2
1 1 1 2 2 2
1 1 1 2 2 2
1 1 1 2 2 2
1 1 1 2 2 2
1 1 1 2 2 2
1 1 1 2 2 2
1 1 1 2 2 2
1 1 1 2 2 2
1 1 1 2 2 2
1 1 1 2 2 2
1 1 1 2 2 2
1 1 1 2 2 2
1 1 1 2 2 2
1 1 1 2 2 2
1 1 1 2 2 2
1 1 1 2 2 2
1 1 1 2 2 2
1 1 1 2 2 2
1 1 1 2 2 2
1 1 1 2 2 2
1 1 1 2 2 2
1 1 1 2 2 2
1 1 1 2 2 2
1 1 1 2 2 2
1 1 1 2 2 2
1 1 1 2 2 2
1 1 1 2 2 2
1 1 1 2 2 2
1 1 1 2 2 2
1 1 1 2 2 2
1 1 1 2 2 2
1 1 1 2 2 2
1 1 1 2 2 2
1 1 1 2 2 2
1 1 1 2 2 2
1 1 1 2 2 2
1 1 1 2 2 2
1 1 1 2 2 2
1 1 1 2 2 2
1 1 1 2 2 2
1 1 1 2 2 2
1 1 1 2 2 2
1 1 1 2 2 2
1 1 1 2 2 2
1 1 1 2 2 2
1 1 1 2 2 2
1 1 1 2 2 2
1 1 1 2 2 2
1 1 1 2 2 2
1 1 1 2 2 2
1 1 1 2 2 2
1 1 1 2 2 2
1 1 1 2 2 2
1 1 1 2 2 2
1 1 1 2 2 2
1 1 1 2 2 2
1 1 1 2 2 2
1 1 1 2 2 2
1 1 1 2 2 2
1 1 1 2 2 2
1 1 1 2 2 2
1 1 1 2 2 2
1 1 1 2 2 2
1 1 1 2 2 2
1 1 1 2 2 2
1 1 1 2 2 2
1 1 1 2 2 2
1 1 1 2 2 2
1 1 1 2 2 2
1 1 1 2 2 2
1 1 1 2 2 2
1 1 1 2 2 2
1 1 1 2 2 2
1 1 1 2 2 2
1 1 1 2 2 2
1 1 1 2 2 2
1 1 1 2 2 2
1 1 1 2 2 2
1 1 1 2 2 2
1 1 1 2 2 2
1 1 1 2 2 2
1 1 1 2 2 2
1 1 1 2 2 2
1 1 1 2 2 2
1 1 1 2 2 2
1 1 1 2 2 2
1 1 1 2 2 2
1 1 1 2 2 2
1 1 1 2 2 2
1 1 1 2 2 2
1 1 1 2 2 2
1 1 1 2 2 2
1 1 1 2 2 2
1 1 1 2 2 2
1 1 1 2 2 2
1 1 1 2 2 2
1 1 1 2 2 2
1 1 1 2 2 2
1 1 1 2 2 2
1 1 1 2 2 2
1 1 1 2 2 2
1 1 1 2 2 2
1 1 1 2 2 2
1 1 1 2 2 2
1 1 1 2 2 2
1 1 1 2 2 2
1 1 1 2 2 2
1 1 1 2 2 2
1 1 1 2 2 2
1 1 1 2 2 2
1 1 1 2 2 2
1 1 1 2 2 2
1 1 1 2 2 2
1 1 1 2 2 2
1 1 1 2 2 2
1 1 1 2 2 2
1 1 1 2 2 2
1 1 1 2 2 2
1 1 1 2 2 2
1 1 1 2 2 2
1 1 1 2 2 2
1 1 1 2 2 2
1 1 1 2 2 2
1 1 1 2 2 2
1 1 1 2 2 2
1 1 1 2 2 2
1 1 1 2 2 2
1 1 1 2 2 2
1 1 1 2 2 2
1 1 1 2 2 2
1 1 1 2 2 2
1 1 1 2 2 2
1 1 1 2 2 2
1 1 1 2 2 2
1 1 1 2 2 2
1 1 1 2 2 2
1 1 1 2 2 2
1 1 1 2 2 2
1 1 1 2 2 2
1 1 1 2 2 2
1 1 1 2 2 2
1 1 1 2 2 2
1 1 1 2 2 2
1 1 1 2 2 2
1 1 1 2 2 2
1 1 1 2 2 2
1 1 1 2 2 2
1 1 1 2 2 2
1 1 1 2 2 2
1 1 1 2 2 2
1 1 1 2 2 2
1 1 1 2 2 2
1 1 1 2 2 2
1 1 1 2 2 2
1 1 1 2 2 2
1 1 1 2 2 2
1 1 1 2 2 2
1 1 1 2 2 2
1 1 1 2 2 2
1 1 1 2 2 2
1 1 1 2 2 2
1 1 1 2 2 2
1 1 1 2 2 2
1 1 1 2 2 2
1 1 1 2 2 2
1 1 1 2 2 2
1 1 1 2 2 2
1 1 1 2 2 2
1 1 1 2 2 2
1 1 1 2 2 2
1 1 1 2 2 2
1 1 1 2 2 2
1 1 1 2 2 2
1 1 1 2 2 2
1 1 1 2 2 2
1 1 1 2 2 2
1 1 1 2 2 2
1 1 1 2 2 2
1 1 1 2 2 2
1 1 1 2 2 2
1 1 1 2 2 2
1 1 1 2 2 2
1 1 1 2 2 2
1 1 1 2 2 2
1 1 1 2 2 2
1 1 1 2 2 2
1 1 1 2 2 2
1 1 1 2 2 2
1 1 1 2 2 2
1 1 1 2 2 2
1 1 1 2 2 2
1 1 1 2 2 2
1 1 1 2 2 2
1 1 1 2 2 2
1 1 1 2 2 2
1 1 1 2 2 2
1 1 1 2 2 2
1 1 1 2 2 2
1 1 1 2 2 2
1 1 1 2 2 2
1 1 1 2 2 2
1 1 1 2 2 2
1 1 1 2 2 2
1 1 1 2 2 2
1 1 1 2 2 2
1 1 1 2 2 2
1 1 1 2 2 2
1 1 1 2 2 2
1 1 1 2 2 2
1 1 1 2 2 2
1 1 1 2 2 2
1 1 1 2 2 2
1 1 1 2 2 2
1 1 1 2 2 2
1 1 1 2 2 2
1 1 1 2 2 2
1 1 1 2 2 2
1 1 1 2 2 2
1 1 1 2 2 2
1 1 1 2 2 2
1 1 1 2 2 2
1 1 1 2 2 2
1 1 1 2 2 2
1 1 1 2 2 2
1 1 1 2 2 2
1 1 1 2 2 2
1 1 1 2 2 2
1 1 1 2 2 2
1 1 1 2 2 2
1 1 1 2 2 2
1 1 1 2 2 2
1 1 1 2 2 2
1 1 1 2 2 2
1 1 1 2 2 2
1 1 1 2 2 2
1 1 1 2 2 2
1 1 1 2 2 2
1 1 1 2 2 2
1 1 1 2 2 2
1 1 1 2 2 2
1 1 1 2 2 2
1 1 1 2 2 2
1 1 1 2 2 2
1 1 1 2 2 2
1 1 1 2 2 2
1 1 1 2 2 2
1 1 1 2 2 2
1 1 1 2 2 2
1 1 1 2 2 2
1 1 1 2 2 2
1 1 1 2 2 2
1 1 1 2 2 2
1 1 1 2 2 2
1 1 1 2 2 2
1 1 1 2 2 2
1 1 1 2 2 2
1 1 1 2 2 2
1 1 1 2 2 2
1 1 1 2 2 2
1 1 1 2 2 2
1 1 1 2 2 2
1 1 1 2 2 2
1 1 1 2 2 2
1 1 1 2 2 2
1 1 1 2 2 2
1 1 1 2 2 2
1 1 1 2 2 2
1 1 1 2 2 2
1 1 1 2 2 2
1 1 1 2 2 2
1 1 1 2 2 2
1 1 1 2 2 2
1 1 1 2 2 2
1 1 1 2 2 2
1 1 1 2 2 2
1 1 1 2 2 2
1 1 1 2 2 2
1 1 1 2 2 2
1 1 1 2 2 2
1 1 1 2 2 2
1 1 1 2 2 2
1 1 1 2 2 2
1 1 1 2 2 2
1 1 1 2 2 2
1 1 1 2 2 2
1 1 1 2 2 2
1 1 1 2 2 2
1 1 1 2 2 2
1 1 1 2 2 2
1 1 1 2 2 2
1 1 1 2 2 2
1 1 1 2 2 2
1 1 1 2 2 2
1 1 1 2 2 2
1 1 1 2 2 2
1 1 1 2 2 2
1 1 1 2 2 2
1 1 1 2 2 2
1 1 1 2 2 2
1 1 1 2 2 2
1 1 1 2 2 2
1 1 1 2 2 2
1 1 1 2 2 2
1 1 1 2 2 2
1 1 1 2 2 2
1 1 1 2 2 2
1 1 1 2 2 2
1 1 1 2 2 2
1 1 1 2 2 2
1 1 1 2 2 2
1 1 1 2 2 2
1 1 1 2 2 2
1 1 1 2 2 2
1 1 1 2 2 2
1 1 1 2 2 2
1 1 1 2 2 2
1 1 1 2 2 2
1 1 1 2 2 2
1 1 1 2 2 2
1 1 1 2 2 2
1 1 1 2 2 2
1 1 1 2 2 2
1 1 1 2 2 2
1 1 1 2 2 2
1 1 1 2 2 2
1 1 1 2 2 2
1 1 1 2 2 2
1 1 1 2 2 2
1 1 1 2 2 2
1 1 1 2 2 2
1 1 1 2 2 2
1 1 1 2 2 2
1 1 1 2 2 2
1 1 1 2 2 2
1 1 1 2 2 2
1 1 1 2 2 2
1 1 1 2 2 2
1 1 1 2 2 2
1 1 1 2 2 2
1 1 1 2 2 2
1 1 1 2 2 2
1 1 1 2 2 2
1 1 1 2 2 2
1 1 1 2 2 2
1 1 1 2 2 2
1 1 1 2 2 2
1 1 1 2 2 2
1 1 1 2 2 2
1 1 1 2 2 2
1 1 1 2 2 2
1 1 1 2 2 2
1 1 1 2 2 2
1 1 1 2 2 2
1 1 1 2 2 2
1 1 1 2 2 2
1 1 1 2 2 2
1 1 1 2 2 2
1 1 1 2 2 2
1 1 1 2 2 2
1 1 1 2 2 2
1 1 1 2 2 2
1 1 1 2 2 2
1 1 1 2 2 2
1 1 1 2 2 2
1 1 1 2 2 2
1 1 1 2 2 2
1 1 1 2 2 2
1 1 1 2 2 2
1 1 1 2 2 2
1 1 1 2 2 2
1 1 1 2 2 2
1 1 1 2 2 2
1 1 1 2 2 2
1 1 1 2 2 2
1 1 1 2 2 2
1 1 1 2 2 2
1 1 1 2 2 2
1 1 1 2 2 2
1 1 1 2 2 2
1 1 1 2 2 2
1 1 1 2 2 2
1 1 1 2 2 2
1 1 1 2 2 2
1 1 1 2 2 2
1 1 1 2 2 2
1 1 1 2 2 2
1 1 1 2 2 2
1 1 1 2 2 2
1 1 1 2 2 2
1 1 1 2 2 2
1 1 1 2 2 2
1 1 1 2 2 2
1 1 1 2 2 2
1 1 1 2 2 2
1 1 1 2 2 2
1 1 1 2 2 2
1 1 1 2 2 2
1 1 1 2 2 2
1 1 1 2 2 2
1 1 1 2 2 2
1 1 1 2 2 2
1 1 1 2 2 2
1 1 1 2 2 2
1 1 1 2 2 2
1 1 1 2 2 2
1 1 1 2 2 2
1 1 1 2 2 2
1 1 1 2 2 2
1 1 1 2 2 2
1 1 1 2 2 2
1 1 1 2 2 2
1 1 1 2 2 2
1 1 1 2 2 2
1 1 1 2 2 2
1 1 1 2 2 2
1 1 1 2 2 2
1 1 1 2 2 2
1 1 1 2 2 2
1 1 1 2 2 2
1 1 1 2 2 2
1 1 1 2 2 2
1 1 1 2 2 2
1 1 1 2 2 2
1 1 1 2 2 2
1 1 1 2 2 2
1 1 1 2 2 2
1 1 1 2 2 2
