512 384
23 10
23 23 23 23 23 23 23 23 23 23 23 23 23 23 23 23 23 23 23 23 23 23 23 23 23 23 23 23 23 23 23 23 23 23 23 23 23 23 23 23 23 23 23 23 23 23 23 23 23 23 23 23 23 23 23 23 23 23 23 23 23 23 23 23 23 23 23 23 23 23 23 23 23 23 23 23 23 23 23 23 23 23 23 23 23 23 23 23 23 23 23 23 23 23 23 23 23 23 23 23 23 23 23 23 23 23 23 23 23 23 23 23 23 23 23 23 23 23 23 23 23 23 23 23 23 23 23 23 1 1 1 1 1 1 1 1 1 1 1 1 1 1 1 1 1 1 1 1 1 1 1 1 1 1 1 1 1 1 1 1 1 1 1 1 1 1 1 1 1 1 1 1 1 1 1 1 1 1 1 1 1 1 1 1 1 1 1 1 1 1 1 1 1 1 1 1 1 1 1 1 1 1 1 1 1 1 1 1 1 1 1 1 1 1 1 1 1 1 1 1 1 1 1 1 1 1 1 1 1 1 1 1 1 1 1 1 1 1 1 1 1 1 1 1 1 1 1 1 1 1 1 1 1 1 1 1 1 1 1 1 1 1 1 1 1 1 1 1 1 1 1 1 1 1 1 1 1 1 1 1 1 1 1 1 1 1 1 1 1 1 1 1 1 1 1 1 1 1 1 1 1 1 1 1 1 1 1 1 1 1 1 1 1 1 1 1 1 1 1 1 1 1 1 1 1 1 1 1 1 1 1 1 1 1 1 1 1 1 1 1 1 1 1 1 1 1 1 1 1 1 1 1 1 1 1 1 1 1 1 1 1 1 1 1 1 1 1 1 1 1 1 1 1 1 1 1 1 1 1 1 1 1 1 1 1 1 1 1 1 1 1 1 1 1 1 1 1 1 1 1 1 1 1 1 1 1 1 1 1 1 1 1 1 1 1 1 1 1 1 1 1 1 1 1 1 1 1 1 1 1 1 1 1 1 1 1 1 1 1 1 1 1 1 1 1 1 1 1 1 1 1 1 1 1 1 1 1 1 1 1 1 1 1 1 1 1 1 1 1 1 1 1 1 1 1 1 1 1 1 1 1 1 1 1 1 1 1 1 1 1 1 1 1 1 1 1 1 1 1 1 1 1 1 1 1 1 1 1 1 1 1 1 
10 10 10 10 10 10 10 10 10 10 10 10 10 10 10 10 10 10 10 10 10 10 10 10 10 10 10 10 10 10 10 10 10 10 10 10 10 10 10 10 10 10 10 10 10 10 10 10 10 10 10 10 10 10 10 10 10 10 10 10 10 10 10 10 10 10 10 10 10 10 10 10 10 10 10 10 10 10 10 10 10 10 10 10 10 10 10 10 10 10 10 10 10 10 10 10 10 10 10 10 10 10 10 10 10 10 10 10 10 10 10 10 10 10 10 10 10 10 10 10 10 10 10 10 10 10 10 10 6 6 6 6 6 6 6 6 6 6 6 6 6 6 6 6 6 6 6 6 6 6 6 6 6 6 6 6 6 6 6 6 6 6 6 6 6 6 6 6 6 6 6 6 6 6 6 6 6 6 6 6 6 6 6 6 6 6 6 6 6 6 6 6 6 6 6 6 6 6 6 6 6 6 6 6 6 6 6 6 6 6 6 6 6 6 6 6 6 6 6 6 6 6 6 6 6 6 6 6 6 6 6 6 6 6 6 6 6 6 6 6 6 6 6 6 6 6 6 6 6 6 6 6 6 6 6 6 10 10 10 10 10 10 10 10 10 10 10 10 10 10 10 10 10 10 10 10 10 10 10 10 10 10 10 10 10 10 10 10 10 10 10 10 10 10 10 10 10 10 10 10 10 10 10 10 10 10 10 10 10 10 10 10 10 10 10 10 10 10 10 10 10 10 10 10 10 10 10 10 10 10 10 10 10 10 10 10 10 10 10 10 10 10 10 10 10 10 10 10 10 10 10 10 10 10 10 10 10 10 10 10 10 10 10 10 10 10 10 10 10 10 10 10 10 10 10 10 10 10 10 10 10 10 10 10 
1 13 17 24 29 66 75 82 87 168 184 235 247 251 259 287 296 313 352 358 359 378 379
2 14 18 23 30 65 76 81 88 167 183 236 248 252 260 288 295 314 351 357 360 377 380
3 15 19 22 31 68 73 84 85 166 182 233 245 249 257 285 294 315 350 357 360 377 380
4 16 20 21 32 67 74 83 86 165 181 234 246 250 258 286 293 316 349 358 359 378 379
5 9 20 21 25 70 79 83 86 164 180 239 243 255 263 283 292 317 348 354 355 382 383
6 10 19 22 26 69 80 84 85 163 179 240 244 256 264 284 291 318 347 353 356 381 384
7 11 18 23 27 72 77 81 88 162 178 237 241 253 261 281 290 319 346 353 356 381 384
8 12 17 24 28 71 78 82 87 161 177 238 242 254 262 282 289 320 345 354 355 382 383
5 9 21 25 32 67 74 90 95 176 192 227 243 255 267 279 304 305 344 366 367 370 371
6 10 22 26 31 68 73 89 96 175 191 228 244 256 268 280 303 306 343 365 368 369 372
7 11 23 27 30 65 76 92 93 174 190 225 241 253 265 277 302 307 342 365 368 369 372
8 12 24 28 29 66 75 91 94 173 189 226 242 254 266 278 301 308 341 366 367 370 371
1 13 17 28 29 71 78 91 94 172 188 231 247 251 271 275 300 309 340 362 363 374 375
2 14 18 27 30 72 77 92 93 171 187 232 248 252 272 276 299 310 339 361 364 373 376
3 15 19 26 31 69 80 89 96 170 186 229 245 249 269 273 298 311 338 361 364 373 376
4 16 20 25 32 70 79 90 95 169 185 230 246 250 270 274 297 312 337 362 363 374 375
1 8 13 17 29 66 71 82 91 168 184 231 235 251 271 275 297 312 336 362 363 374 375
2 7 14 18 30 65 72 81 92 167 183 232 236 252 272 276 298 311 335 361 364 373 376
3 6 15 19 31 68 69 84 89 166 182 229 233 249 269 273 299 310 334 361 364 373 376
4 5 16 20 32 67 70 83 90 165 181 230 234 250 270 274 300 309 333 362 363 374 375
4 5 9 21 25 67 70 86 95 164 180 227 239 255 267 279 301 308 332 366 367 370 371
3 6 10 22 26 68 69 85 96 163 179 228 240 256 268 280 302 307 331 365 368 369 372
2 7 11 23 27 65 72 88 93 162 178 225 237 253 265 277 303 306 330 365 368 369 372
1 8 12 24 28 66 71 87 94 161 177 226 238 254 266 278 304 305 329 366 367 370 371
5 9 16 21 25 74 79 83 90 176 192 227 239 243 263 283 289 320 328 354 355 382 383
6 10 15 22 26 73 80 84 89 175 191 228 240 244 264 284 290 319 327 353 356 381 384
7 11 14 23 27 76 77 81 92 174 190 225 237 241 261 281 291 318 326 353 356 381 384
8 12 13 24 28 75 78 82 91 173 189 226 238 242 262 282 292 317 325 354 355 382 383
1 12 13 17 29 75 78 87 94 172 188 231 235 247 259 287 293 316 324 358 359 378 379
2 11 14 18 30 76 77 88 93 171 187 232 236 248 260 288 294 315 323 357 360 377 380
3 10 15 19 31 73 80 85 96 170 186 229 233 245 257 285 295 314 322 357 360 377 380
4 9 16 20 32 74 79 86 95 169 185 230 234 246 258 286 296 313 321 358 359 378 379
33 45 49 56 61 98 107 114 119 136 152 203 215 219 264 281 291 319 326 327 346 347 384
34 46 50 55 62 97 108 113 120 135 151 204 216 220 263 282 292 320 325 328 345 348 383
35 47 51 54 63 100 105 116 117 134 150 201 213 217 262 283 289 317 325 328 345 348 382
36 48 52 53 64 99 106 115 118 133 149 202 214 218 261 284 290 318 326 327 346 347 381
37 41 52 53 57 102 111 115 118 132 148 207 211 223 260 285 295 315 322 323 350 351 380
38 42 51 54 58 101 112 116 117 131 147 208 212 224 259 286 296 316 321 324 349 352 379
39 43 50 55 59 104 109 113 120 130 146 205 209 221 258 287 293 313 321 324 349 352 378
40 44 49 56 60 103 110 114 119 129 145 206 210 222 257 288 294 314 322 323 350 351 377
37 41 53 57 64 99 106 122 127 144 160 195 211 223 272 273 299 311 334 335 338 339 376
38 42 54 58 63 100 105 121 128 143 159 196 212 224 271 274 300 312 333 336 337 340 375
39 43 55 59 62 97 108 124 125 142 158 193 209 221 270 275 297 309 333 336 337 340 374
40 44 56 60 61 98 107 123 126 141 157 194 210 222 269 276 298 310 334 335 338 339 373
33 45 49 60 61 103 110 123 126 140 156 199 215 219 268 277 303 307 330 331 342 343 372
34 46 50 59 62 104 109 124 125 139 155 200 216 220 267 278 304 308 329 332 341 344 371
35 47 51 58 63 101 112 121 128 138 154 197 213 217 266 279 301 305 329 332 341 344 370
36 48 52 57 64 102 111 122 127 137 153 198 214 218 265 280 302 306 330 331 342 343 369
33 40 45 49 61 98 103 114 123 136 152 199 203 219 265 280 303 307 330 331 342 343 368
34 39 46 50 62 97 104 113 124 135 151 200 204 220 266 279 304 308 329 332 341 344 367
35 38 47 51 63 100 101 116 121 134 150 197 201 217 267 278 301 305 329 332 341 344 366
36 37 48 52 64 99 102 115 122 133 149 198 202 218 268 277 302 306 330 331 342 343 365
36 37 41 53 57 99 102 118 127 132 148 195 207 223 269 276 299 311 334 335 338 339 364
35 38 42 54 58 100 101 117 128 131 147 196 208 224 270 275 300 312 333 336 337 340 363
34 39 43 55 59 97 104 120 125 130 146 193 205 221 271 274 297 309 333 336 337 340 362
33 40 44 56 60 98 103 119 126 129 145 194 206 222 272 273 298 310 334 335 338 339 361
37 41 48 53 57 106 111 115 122 144 160 195 207 211 257 288 295 315 322 323 350 351 360
38 42 47 54 58 105 112 116 121 143 159 196 208 212 258 287 296 316 321 324 349 352 359
39 43 46 55 59 108 109 113 124 142 158 193 205 209 259 286 293 313 321 324 349 352 358
40 44 45 56 60 107 110 114 123 141 157 194 206 210 260 285 294 314 322 323 350 351 357
33 44 45 49 61 107 110 119 126 140 156 199 203 215 261 284 291 319 326 327 346 347 356
34 43 46 50 62 108 109 120 125 139 155 200 204 216 262 283 292 320 325 328 345 348 355
35 42 47 51 63 105 112 117 128 138 154 197 201 213 263 282 289 317 325 328 345 348 354
36 41 48 52 64 106 111 118 127 137 153 198 202 214 264 281 290 318 326 327 346 347 353
2 11 18 23 65 77 81 88 93 171 183 187 232 248 288 294 295 314 315 323 351 360 377
1 12 17 24 66 78 82 87 94 172 184 188 231 247 287 293 296 313 316 324 352 359 378
4 9 20 21 67 79 83 86 95 169 181 185 230 246 286 293 296 313 316 321 349 358 379
3 10 19 22 68 80 84 85 96 170 182 186 229 245 285 294 295 314 315 322 350 357 380
6 15 19 22 69 73 84 85 89 175 179 191 228 244 284 290 291 318 319 327 347 356 381
5 16 20 21 70 74 83 86 90 176 180 192 227 243 283 289 292 317 320 328 348 355 382
8 13 17 24 71 75 82 87 91 173 177 189 226 242 282 289 292 317 320 325 345 354 383
7 14 18 23 72 76 81 88 92 174 178 190 225 241 281 290 291 318 319 326 346 353 384
3 10 26 31 69 73 85 89 96 163 179 191 240 256 280 302 303 306 307 331 343 368 369
4 9 25 32 70 74 86 90 95 164 180 192 239 255 279 301 304 305 308 332 344 367 370
1 12 28 29 71 75 87 91 94 161 177 189 238 254 278 301 304 305 308 329 341 366 371
2 11 27 30 72 76 88 92 93 162 178 190 237 253 277 302 303 306 307 330 342 365 372
7 14 27 30 65 77 81 92 93 167 183 187 236 252 276 298 299 310 311 335 339 364 373
8 13 28 29 66 78 82 91 94 168 184 188 235 251 275 297 300 309 312 336 340 363 374
5 16 25 32 67 79 83 90 95 165 181 185 234 250 274 297 300 309 312 333 337 362 375
6 15 26 31 68 80 84 89 96 166 182 186 233 249 273 298 299 310 311 334 338 361 376
2 7 18 27 65 72 77 81 93 167 171 187 232 248 272 298 299 310 311 335 339 361 376
1 8 17 28 66 71 78 82 94 168 172 188 231 247 271 297 300 309 312 336 340 362 375
4 5 20 25 67 70 79 83 95 165 169 185 230 246 270 297 300 309 312 333 337 363 374
3 6 19 26 68 69 80 84 96 166 170 186 229 245 269 298 299 310 311 334 338 364 373
3 6 22 31 68 69 73 85 89 163 175 191 228 244 268 302 303 306 307 331 343 365 372
4 5 21 32 67 70 74 86 90 164 176 192 227 243 267 301 304 305 308 332 344 366 371
1 8 24 29 66 71 75 87 91 161 173 189 226 242 266 301 304 305 308 329 341 367 370
2 7 23 30 65 72 76 88 92 162 174 190 225 241 265 302 303 306 307 330 342 368 369
10 15 19 26 69 73 80 85 89 163 175 179 240 256 264 290 291 318 319 327 347 353 384
9 16 20 25 70 74 79 86 90 164 176 180 239 255 263 289 292 317 320 328 348 354 383
12 13 17 28 71 75 78 87 91 161 173 177 238 254 262 289 292 317 320 325 345 355 382
11 14 18 27 72 76 77 88 92 162 174 178 237 253 261 290 291 318 319 326 346 356 381
11 14 23 30 65 76 77 81 93 167 171 183 236 252 260 294 295 314 315 323 351 357 380
12 13 24 29 66 75 78 82 94 168 172 184 235 251 259 293 296 313 316 324 352 358 379
9 16 21 32 67 74 79 83 95 165 169 181 234 250 258 293 296 313 316 321 349 359 378
10 15 22 31 68 73 80 84 96 166 170 182 233 249 257 294 295 314 315 322 350 360 377
34 43 50 55 97 109 113 120 125 139 151 155 200 216 262 263 282 283 320 328 345 355 383
33 44 49 56 98 110 114 119 126 140 152 156 199 215 261 264 281 284 319 327 346 356 384
36 41 52 53 99 111 115 118 127 137 149 153 198 214 261 264 281 284 318 326 347 353 381
35 42 51 54 100 112 116 117 128 138 150 154 197 213 262 263 282 283 317 325 348 354 382
38 47 51 54 101 105 116 117 121 143 147 159 196 212 258 259 286 287 316 324 349 359 379
37 48 52 53 102 106 115 118 122 144 148 160 195 211 257 260 285 288 315 323 350 360 380
40 45 49 56 103 107 114 119 123 141 145 157 194 210 257 260 285 288 314 322 351 357 377
39 46 50 55 104 108 113 120 124 142 146 158 193 209 258 259 286 287 313 321 352 358 378
35 42 58 63 101 105 117 121 128 131 147 159 208 224 270 271 274 275 312 336 337 363 375
36 41 57 64 102 106 118 122 127 132 148 160 207 223 269 272 273 276 311 335 338 364 376
33 44 60 61 103 107 119 123 126 129 145 157 206 222 269 272 273 276 310 334 339 361 373
34 43 59 62 104 108 120 124 125 130 146 158 205 221 270 271 274 275 309 333 340 362 374
39 46 59 62 97 109 113 124 125 135 151 155 204 220 266 267 278 279 308 332 341 367 371
40 45 60 61 98 110 114 123 126 136 152 156 203 219 265 268 277 280 307 331 342 368 372
37 48 57 64 99 111 115 122 127 133 149 153 202 218 265 268 277 280 306 330 343 365 369
38 47 58 63 100 112 116 121 128 134 150 154 201 217 266 267 278 279 305 329 344 366 370
34 39 50 59 97 104 109 113 125 135 139 155 200 216 266 267 278 279 304 329 344 367 371
33 40 49 60 98 103 110 114 126 136 140 156 199 215 265 268 277 280 303 330 343 368 372
36 37 52 57 99 102 111 115 127 133 137 153 198 214 265 268 277 280 302 331 342 365 369
35 38 51 58 100 101 112 116 128 134 138 154 197 213 266 267 278 279 301 332 341 366 370
35 38 54 63 100 101 105 117 121 131 143 159 196 212 270 271 274 275 300 333 340 363 375
36 37 53 64 99 102 106 118 122 132 144 160 195 211 269 272 273 276 299 334 339 364 376
33 40 56 61 98 103 107 119 123 129 141 157 194 210 269 272 273 276 298 335 338 361 373
34 39 55 62 97 104 108 120 124 130 142 158 193 209 270 271 274 275 297 336 337 362 374
42 47 51 58 101 105 112 117 121 131 143 147 208 224 258 259 286 287 296 321 352 359 379
41 48 52 57 102 106 111 118 122 132 144 148 207 223 257 260 285 288 295 322 351 360 380
44 45 49 60 103 107 110 119 123 129 141 145 206 222 257 260 285 288 294 323 350 357 377
43 46 50 59 104 108 109 120 124 130 142 146 205 221 258 259 286 287 293 324 349 358 378
43 46 55 62 97 108 109 113 125 135 139 151 204 220 262 263 282 283 292 325 348 355 383
44 45 56 61 98 107 110 114 126 136 140 152 203 219 261 264 281 284 291 326 347 356 384
41 48 53 64 99 106 111 115 127 133 137 149 202 218 261 264 281 284 290 327 346 353 381
42 47 54 63 100 105 112 116 128 134 138 150 201 217 262 263 282 283 289 328 345 354 382
1 0 0 0 0 0 0 0 0 0 0 0 0 0 0 0 0 0 0 0 0 0 0
2 0 0 0 0 0 0 0 0 0 0 0 0 0 0 0 0 0 0 0 0 0 0
3 0 0 0 0 0 0 0 0 0 0 0 0 0 0 0 0 0 0 0 0 0 0
4 0 0 0 0 0 0 0 0 0 0 0 0 0 0 0 0 0 0 0 0 0 0
5 0 0 0 0 0 0 0 0 0 0 0 0 0 0 0 0 0 0 0 0 0 0
6 0 0 0 0 0 0 0 0 0 0 0 0 0 0 0 0 0 0 0 0 0 0
7 0 0 0 0 0 0 0 0 0 0 0 0 0 0 0 0 0 0 0 0 0 0
8 0 0 0 0 0 0 0 0 0 0 0 0 0 0 0 0 0 0 0 0 0 0
9 0 0 0 0 0 0 0 0 0 0 0 0 0 0 0 0 0 0 0 0 0 0
10 0 0 0 0 0 0 0 0 0 0 0 0 0 0 0 0 0 0 0 0 0 0
11 0 0 0 0 0 0 0 0 0 0 0 0 0 0 0 0 0 0 0 0 0 0
12 0 0 0 0 0 0 0 0 0 0 0 0 0 0 0 0 0 0 0 0 0 0
13 0 0 0 0 0 0 0 0 0 0 0 0 0 0 0 0 0 0 0 0 0 0
14 0 0 0 0 0 0 0 0 0 0 0 0 0 0 0 0 0 0 0 0 0 0
15 0 0 0 0 0 0 0 0 0 0 0 0 0 0 0 0 0 0 0 0 0 0
16 0 0 0 0 0 0 0 0 0 0 0 0 0 0 0 0 0 0 0 0 0 0
17 0 0 0 0 0 0 0 0 0 0 0 0 0 0 0 0 0 0 0 0 0 0
18 0 0 0 0 0 0 0 0 0 0 0 0 0 0 0 0 0 0 0 0 0 0
19 0 0 0 0 0 0 0 0 0 0 0 0 0 0 0 0 0 0 0 0 0 0
20 0 0 0 0 0 0 0 0 0 0 0 0 0 0 0 0 0 0 0 0 0 0
21 0 0 0 0 0 0 0 0 0 0 0 0 0 0 0 0 0 0 0 0 0 0
22 0 0 0 0 0 0 0 0 0 0 0 0 0 0 0 0 0 0 0 0 0 0
23 0 0 0 0 0 0 0 0 0 0 0 0 0 0 0 0 0 0 0 0 0 0
24 0 0 0 0 0 0 0 0 0 0 0 0 0 0 0 0 0 0 0 0 0 0
25 0 0 0 0 0 0 0 0 0 0 0 0 0 0 0 0 0 0 0 0 0 0
26 0 0 0 0 0 0 0 0 0 0 0 0 0 0 0 0 0 0 0 0 0 0
27 0 0 0 0 0 0 0 0 0 0 0 0 0 0 0 0 0 0 0 0 0 0
28 0 0 0 0 0 0 0 0 0 0 0 0 0 0 0 0 0 0 0 0 0 0
29 0 0 0 0 0 0 0 0 0 0 0 0 0 0 0 0 0 0 0 0 0 0
30 0 0 0 0 0 0 0 0 0 0 0 0 0 0 0 0 0 0 0 0 0 0
31 0 0 0 0 0 0 0 0 0 0 0 0 0 0 0 0 0 0 0 0 0 0
32 0 0 0 0 0 0 0 0 0 0 0 0 0 0 0 0 0 0 0 0 0 0
33 0 0 0 0 0 0 0 0 0 0 0 0 0 0 0 0 0 0 0 0 0 0
34 0 0 0 0 0 0 0 0 0 0 0 0 0 0 0 0 0 0 0 0 0 0
35 0 0 0 0 0 0 0 0 0 0 0 0 0 0 0 0 0 0 0 0 0 0
36 0 0 0 0 0 0 0 0 0 0 0 0 0 0 0 0 0 0 0 0 0 0
37 0 0 0 0 0 0 0 0 0 0 0 0 0 0 0 0 0 0 0 0 0 0
38 0 0 0 0 0 0 0 0 0 0 0 0 0 0 0 0 0 0 0 0 0 0
39 0 0 0 0 0 0 0 0 0 0 0 0 0 0 0 0 0 0 0 0 0 0
40 0 0 0 0 0 0 0 0 0 0 0 0 0 0 0 0 0 0 0 0 0 0
41 0 0 0 0 0 0 0 0 0 0 0 0 0 0 0 0 0 0 0 0 0 0
42 0 0 0 0 0 0 0 0 0 0 0 0 0 0 0 0 0 0 0 0 0 0
43 0 0 0 0 0 0 0 0 0 0 0 0 0 0 0 0 0 0 0 0 0 0
44 0 0 0 0 0 0 0 0 0 0 0 0 0 0 0 0 0 0 0 0 0 0
45 0 0 0 0 0 0 0 0 0 0 0 0 0 0 0 0 0 0 0 0 0 0
46 0 0 0 0 0 0 0 0 0 0 0 0 0 0 0 0 0 0 0 0 0 0
47 0 0 0 0 0 0 0 0 0 0 0 0 0 0 0 0 0 0 0 0 0 0
48 0 0 0 0 0 0 0 0 0 0 0 0 0 0 0 0 0 0 0 0 0 0
49 0 0 0 0 0 0 0 0 0 0 0 0 0 0 0 0 0 0 0 0 0 0
50 0 0 0 0 0 0 0 0 0 0 0 0 0 0 0 0 0 0 0 0 0 0
51 0 0 0 0 0 0 0 0 0 0 0 0 0 0 0 0 0 0 0 0 0 0
52 0 0 0 0 0 0 0 0 0 0 0 0 0 0 0 0 0 0 0 0 0 0
53 0 0 0 0 0 0 0 0 0 0 0 0 0 0 0 0 0 0 0 0 0 0
54 0 0 0 0 0 0 0 0 0 0 0 0 0 0 0 0 0 0 0 0 0 0
55 0 0 0 0 0 0 0 0 0 0 0 0 0 0 0 0 0 0 0 0 0 0
56 0 0 0 0 0 0 0 0 0 0 0 0 0 0 0 0 0 0 0 0 0 0
57 0 0 0 0 0 0 0 0 0 0 0 0 0 0 0 0 0 0 0 0 0 0
58 0 0 0 0 0 0 0 0 0 0 0 0 0 0 0 0 0 0 0 0 0 0
59 0 0 0 0 0 0 0 0 0 0 0 0 0 0 0 0 0 0 0 0 0 0
60 0 0 0 0 0 0 0 0 0 0 0 0 0 0 0 0 0 0 0 0 0 0
61 0 0 0 0 0 0 0 0 0 0 0 0 0 0 0 0 0 0 0 0 0 0
62 0 0 0 0 0 0 0 0 0 0 0 0 0 0 0 0 0 0 0 0 0 0
63 0 0 0 0 0 0 0 0 0 0 0 0 0 0 0 0 0 0 0 0 0 0
64 0 0 0 0 0 0 0 0 0 0 0 0 0 0 0 0 0 0 0 0 0 0
65 0 0 0 0 0 0 0 0 0 0 0 0 0 0 0 0 0 0 0 0 0 0
66 0 0 0 0 0 0 0 0 0 0 0 0 0 0 0 0 0 0 0 0 0 0
67 0 0 0 0 0 0 0 0 0 0 0 0 0 0 0 0 0 0 0 0 0 0
68 0 0 0 0 0 0 0 0 0 0 0 0 0 0 0 0 0 0 0 0 0 0
69 0 0 0 0 0 0 0 0 0 0 0 0 0 0 0 0 0 0 0 0 0 0
70 0 0 0 0 0 0 0 0 0 0 0 0 0 0 0 0 0 0 0 0 0 0
71 0 0 0 0 0 0 0 0 0 0 0 0 0 0 0 0 0 0 0 0 0 0
72 0 0 0 0 0 0 0 0 0 0 0 0 0 0 0 0 0 0 0 0 0 0
73 0 0 0 0 0 0 0 0 0 0 0 0 0 0 0 0 0 0 0 0 0 0
74 0 0 0 0 0 0 0 0 0 0 0 0 0 0 0 0 0 0 0 0 0 0
75 0 0 0 0 0 0 0 0 0 0 0 0 0 0 0 0 0 0 0 0 0 0
76 0 0 0 0 0 0 0 0 0 0 0 0 0 0 0 0 0 0 0 0 0 0
77 0 0 0 0 0 0 0 0 0 0 0 0 0 0 0 0 0 0 0 0 0 0
78 0 0 0 0 0 0 0 0 0 0 0 0 0 0 0 0 0 0 0 0 0 0
79 0 0 0 0 0 0 0 0 0 0 0 0 0 0 0 0 0 0 0 0 0 0
80 0 0 0 0 0 0 0 0 0 0 0 0 0 0 0 0 0 0 0 0 0 0
81 0 0 0 0 0 0 0 0 0 0 0 0 0 0 0 0 0 0 0 0 0 0
82 0 0 0 0 0 0 0 0 0 0 0 0 0 0 0 0 0 0 0 0 0 0
83 0 0 0 0 0 0 0 0 0 0 0 0 0 0 0 0 0 0 0 0 0 0
84 0 0 0 0 0 0 0 0 0 0 0 0 0 0 0 0 0 0 0 0 0 0
85 0 0 0 0 0 0 0 0 0 0 0 0 0 0 0 0 0 0 0 0 0 0
86 0 0 0 0 0 0 0 0 0 0 0 0 0 0 0 0 0 0 0 0 0 0
87 0 0 0 0 0 0 0 0 0 0 0 0 0 0 0 0 0 0 0 0 0 0
88 0 0 0 0 0 0 0 0 0 0 0 0 0 0 0 0 0 0 0 0 0 0
89 0 0 0 0 0 0 0 0 0 0 0 0 0 0 0 0 0 0 0 0 0 0
90 0 0 0 0 0 0 0 0 0 0 0 0 0 0 0 0 0 0 0 0 0 0
91 0 0 0 0 0 0 0 0 0 0 0 0 0 0 0 0 0 0 0 0 0 0
92 0 0 0 0 0 0 0 0 0 0 0 0 0 0 0 0 0 0 0 0 0 0
93 0 0 0 0 0 0 0 0 0 0 0 0 0 0 0 0 0 0 0 0 0 0
94 0 0 0 0 0 0 0 0 0 0 0 0 0 0 0 0 0 0 0 0 0 0
95 0 0 0 0 0 0 0 0 0 0 0 0 0 0 0 0 0 0 0 0 0 0
96 0 0 0 0 0 0 0 0 0 0 0 0 0 0 0 0 0 0 0 0 0 0
97 0 0 0 0 0 0 0 0 0 0 0 0 0 0 0 0 0 0 0 0 0 0
98 0 0 0 0 0 0 0 0 0 0 0 0 0 0 0 0 0 0 0 0 0 0
99 0 0 0 0 0 0 0 0 0 0 0 0 0 0 0 0 0 0 0 0 0 0
100 0 0 0 0 0 0 0 0 0 0 0 0 0 0 0 0 0 0 0 0 0 0
101 0 0 0 0 0 0 0 0 0 0 0 0 0 0 0 0 0 0 0 0 0 0
102 0 0 0 0 0 0 0 0 0 0 0 0 0 0 0 0 0 0 0 0 0 0
103 0 0 0 0 0 0 0 0 0 0 0 0 0 0 0 0 0 0 0 0 0 0
104 0 0 0 0 0 0 0 0 0 0 0 0 0 0 0 0 0 0 0 0 0 0
105 0 0 0 0 0 0 0 0 0 0 0 0 0 0 0 0 0 0 0 0 0 0
106 0 0 0 0 0 0 0 0 0 0 0 0 0 0 0 0 0 0 0 0 0 0
107 0 0 0 0 0 0 0 0 0 0 0 0 0 0 0 0 0 0 0 0 0 0
108 0 0 0 0 0 0 0 0 0 0 0 0 0 0 0 0 0 0 0 0 0 0
109 0 0 0 0 0 0 0 0 0 0 0 0 0 0 0 0 0 0 0 0 0 0
110 0 0 0 0 0 0 0 0 0 0 0 0 0 0 0 0 0 0 0 0 0 0
111 0 0 0 0 0 0 0 0 0 0 0 0 0 0 0 0 0 0 0 0 0 0
112 0 0 0 0 0 0 0 0 0 0 0 0 0 0 0 0 0 0 0 0 0 0
113 0 0 0 0 0 0 0 0 0 0 0 0 0 0 0 0 0 0 0 0 0 0
114 0 0 0 0 0 0 0 0 0 0 0 0 0 0 0 0 0 0 0 0 0 0
115 0 0 0 0 0 0 0 0 0 0 0 0 0 0 0 0 0 0 0 0 0 0
116 0 0 0 0 0 0 0 0 0 0 0 0 0 0 0 0 0 0 0 0 0 0
117 0 0 0 0 0 0 0 0 0 0 0 0 0 0 0 0 0 0 0 0 0 0
118 0 0 0 0 0 0 0 0 0 0 0 0 0 0 0 0 0 0 0 0 0 0
119 0 0 0 0 0 0 0 0 0 0 0 0 0 0 0 0 0 0 0 0 0 0
120 0 0 0 0 0 0 0 0 0 0 0 0 0 0 0 0 0 0 0 0 0 0
121 0 0 0 0 0 0 0 0 0 0 0 0 0 0 0 0 0 0 0 0 0 0
122 0 0 0 0 0 0 0 0 0 0 0 0 0 0 0 0 0 0 0 0 0 0
123 0 0 0 0 0 0 0 0 0 0 0 0 0 0 0 0 0 0 0 0 0 0
124 0 0 0 0 0 0 0 0 0 0 0 0 0 0 0 0 0 0 0 0 0 0
125 0 0 0 0 0 0 0 0 0 0 0 0 0 0 0 0 0 0 0 0 0 0
126 0 0 0 0 0 0 0 0 0 0 0 0 0 0 0 0 0 0 0 0 0 0
127 0 0 0 0 0 0 0 0 0 0 0 0 0 0 0 0 0 0 0 0 0 0
128 0 0 0 0 0 0 0 0 0 0 0 0 0 0 0 0 0 0 0 0 0 0
129 0 0 0 0 0 0 0 0 0 0 0 0 0 0 0 0 0 0 0 0 0 0
130 0 0 0 0 0 0 0 0 0 0 0 0 0 0 0 0 0 0 0 0 0 0
131 0 0 0 0 0 0 0 0 0 0 0 0 0 0 0 0 0 0 0 0 0 0
132 0 0 0 0 0 0 0 0 0 0 0 0 0 0 0 0 0 0 0 0 0 0
133 0 0 0 0 0 0 0 0 0 0 0 0 0 0 0 0 0 0 0 0 0 0
134 0 0 0 0 0 0 0 0 0 0 0 0 0 0 0 0 0 0 0 0 0 0
135 0 0 0 0 0 0 0 0 0 0 0 0 0 0 0 0 0 0 0 0 0 0
136 0 0 0 0 0 0 0 0 0 0 0 0 0 0 0 0 0 0 0 0 0 0
137 0 0 0 0 0 0 0 0 0 0 0 0 0 0 0 0 0 0 0 0 0 0
138 0 0 0 0 0 0 0 0 0 0 0 0 0 0 0 0 0 0 0 0 0 0
139 0 0 0 0 0 0 0 0 0 0 0 0 0 0 0 0 0 0 0 0 0 0
140 0 0 0 0 0 0 0 0 0 0 0 0 0 0 0 0 0 0 0 0 0 0
141 0 0 0 0 0 0 0 0 0 0 0 0 0 0 0 0 0 0 0 0 0 0
142 0 0 0 0 0 0 0 0 0 0 0 0 0 0 0 0 0 0 0 0 0 0
143 0 0 0 0 0 0 0 0 0 0 0 0 0 0 0 0 0 0 0 0 0 0
144 0 0 0 0 0 0 0 0 0 0 0 0 0 0 0 0 0 0 0 0 0 0
145 0 0 0 0 0 0 0 0 0 0 0 0 0 0 0 0 0 0 0 0 0 0
146 0 0 0 0 0 0 0 0 0 0 0 0 0 0 0 0 0 0 0 0 0 0
147 0 0 0 0 0 0 0 0 0 0 0 0 0 0 0 0 0 0 0 0 0 0
148 0 0 0 0 0 0 0 0 0 0 0 0 0 0 0 0 0 0 0 0 0 0
149 0 0 0 0 0 0 0 0 0 0 0 0 0 0 0 0 0 0 0 0 0 0
150 0 0 0 0 0 0 0 0 0 0 0 0 0 0 0 0 0 0 0 0 0 0
151 0 0 0 0 0 0 0 0 0 0 0 0 0 0 0 0 0 0 0 0 0 0
152 0 0 0 0 0 0 0 0 0 0 0 0 0 0 0 0 0 0 0 0 0 0
153 0 0 0 0 0 0 0 0 0 0 0 0 0 0 0 0 0 0 0 0 0 0
154 0 0 0 0 0 0 0 0 0 0 0 0 0 0 0 0 0 0 0 0 0 0
155 0 0 0 0 0 0 0 0 0 0 0 0 0 0 0 0 0 0 0 0 0 0
156 0 0 0 0 0 0 0 0 0 0 0 0 0 0 0 0 0 0 0 0 0 0
157 0 0 0 0 0 0 0 0 0 0 0 0 0 0 0 0 0 0 0 0 0 0
158 0 0 0 0 0 0 0 0 0 0 0 0 0 0 0 0 0 0 0 0 0 0
159 0 0 0 0 0 0 0 0 0 0 0 0 0 0 0 0 0 0 0 0 0 0
160 0 0 0 0 0 0 0 0 0 0 0 0 0 0 0 0 0 0 0 0 0 0
161 0 0 0 0 0 0 0 0 0 0 0 0 0 0 0 0 0 0 0 0 0 0
162 0 0 0 0 0 0 0 0 0 0 0 0 0 0 0 0 0 0 0 0 0 0
163 0 0 0 0 0 0 0 0 0 0 0 0 0 0 0 0 0 0 0 0 0 0
164 0 0 0 0 0 0 0 0 0 0 0 0 0 0 0 0 0 0 0 0 0 0
165 0 0 0 0 0 0 0 0 0 0 0 0 0 0 0 0 0 0 0 0 0 0
166 0 0 0 0 0 0 0 0 0 0 0 0 0 0 0 0 0 0 0 0 0 0
167 0 0 0 0 0 0 0 0 0 0 0 0 0 0 0 0 0 0 0 0 0 0
168 0 0 0 0 0 0 0 0 0 0 0 0 0 0 0 0 0 0 0 0 0 0
169 0 0 0 0 0 0 0 0 0 0 0 0 0 0 0 0 0 0 0 0 0 0
170 0 0 0 0 0 0 0 0 0 0 0 0 0 0 0 0 0 0 0 0 0 0
171 0 0 0 0 0 0 0 0 0 0 0 0 0 0 0 0 0 0 0 0 0 0
172 0 0 0 0 0 0 0 0 0 0 0 0 0 0 0 0 0 0 0 0 0 0
173 0 0 0 0 0 0 0 0 0 0 0 0 0 0 0 0 0 0 0 0 0 0
174 0 0 0 0 0 0 0 0 0 0 0 0 0 0 0 0 0 0 0 0 0 0
175 0 0 0 0 0 0 0 0 0 0 0 0 0 0 0 0 0 0 0 0 0 0
176 0 0 0 0 0 0 0 0 0 0 0 0 0 0 0 0 0 0 0 0 0 0
177 0 0 0 0 0 0 0 0 0 0 0 0 0 0 0 0 0 0 0 0 0 0
178 0 0 0 0 0 0 0 0 0 0 0 0 0 0 0 0 0 0 0 0 0 0
179 0 0 0 0 0 0 0 0 0 0 0 0 0 0 0 0 0 0 0 0 0 0
180 0 0 0 0 0 0 0 0 0 0 0 0 0 0 0 0 0 0 0 0 0 0
181 0 0 0 0 0 0 0 0 0 0 0 0 0 0 0 0 0 0 0 0 0 0
182 0 0 0 0 0 0 0 0 0 0 0 0 0 0 0 0 0 0 0 0 0 0
183 0 0 0 0 0 0 0 0 0 0 0 0 0 0 0 0 0 0 0 0 0 0
184 0 0 0 0 0 0 0 0 0 0 0 0 0 0 0 0 0 0 0 0 0 0
185 0 0 0 0 0 0 0 0 0 0 0 0 0 0 0 0 0 0 0 0 0 0
186 0 0 0 0 0 0 0 0 0 0 0 0 0 0 0 0 0 0 0 0 0 0
187 0 0 0 0 0 0 0 0 0 0 0 0 0 0 0 0 0 0 0 0 0 0
188 0 0 0 0 0 0 0 0 0 0 0 0 0 0 0 0 0 0 0 0 0 0
189 0 0 0 0 0 0 0 0 0 0 0 0 0 0 0 0 0 0 0 0 0 0
190 0 0 0 0 0 0 0 0 0 0 0 0 0 0 0 0 0 0 0 0 0 0
191 0 0 0 0 0 0 0 0 0 0 0 0 0 0 0 0 0 0 0 0 0 0
192 0 0 0 0 0 0 0 0 0 0 0 0 0 0 0 0 0 0 0 0 0 0
193 0 0 0 0 0 0 0 0 0 0 0 0 0 0 0 0 0 0 0 0 0 0
194 0 0 0 0 0 0 0 0 0 0 0 0 0 0 0 0 0 0 0 0 0 0
195 0 0 0 0 0 0 0 0 0 0 0 0 0 0 0 0 0 0 0 0 0 0
196 0 0 0 0 0 0 0 0 0 0 0 0 0 0 0 0 0 0 0 0 0 0
197 0 0 0 0 0 0 0 0 0 0 0 0 0 0 0 0 0 0 0 0 0 0
198 0 0 0 0 0 0 0 0 0 0 0 0 0 0 0 0 0 0 0 0 0 0
199 0 0 0 0 0 0 0 0 0 0 0 0 0 0 0 0 0 0 0 0 0 0
200 0 0 0 0 0 0 0 0 0 0 0 0 0 0 0 0 0 0 0 0 0 0
201 0 0 0 0 0 0 0 0 0 0 0 0 0 0 0 0 0 0 0 0 0 0
202 0 0 0 0 0 0 0 0 0 0 0 0 0 0 0 0 0 0 0 0 0 0
203 0 0 0 0 0 0 0 0 0 0 0 0 0 0 0 0 0 0 0 0 0 0
204 0 0 0 0 0 0 0 0 0 0 0 0 0 0 0 0 0 0 0 0 0 0
205 0 0 0 0 0 0 0 0 0 0 0 0 0 0 0 0 0 0 0 0 0 0
206 0 0 0 0 0 0 0 0 0 0 0 0 0 0 0 0 0 0 0 0 0 0
207 0 0 0 0 0 0 0 0 0 0 0 0 0 0 0 0 0 0 0 0 0 0
208 0 0 0 0 0 0 0 0 0 0 0 0 0 0 0 0 0 0 0 0 0 0
209 0 0 0 0 0 0 0 0 0 0 0 0 0 0 0 0 0 0 0 0 0 0
210 0 0 0 0 0 0 0 0 0 0 0 0 0 0 0 0 0 0 0 0 0 0
211 0 0 0 0 0 0 0 0 0 0 0 0 0 0 0 0 0 0 0 0 0 0
212 0 0 0 0 0 0 0 0 0 0 0 0 0 0 0 0 0 0 0 0 0 0
213 0 0 0 0 0 0 0 0 0 0 0 0 0 0 0 0 0 0 0 0 0 0
214 0 0 0 0 0 0 0 0 0 0 0 0 0 0 0 0 0 0 0 0 0 0
215 0 0 0 0 0 0 0 0 0 0 0 0 0 0 0 0 0 0 0 0 0 0
216 0 0 0 0 0 0 0 0 0 0 0 0 0 0 0 0 0 0 0 0 0 0
217 0 0 0 0 0 0 0 0 0 0 0 0 0 0 0 0 0 0 0 0 0 0
218 0 0 0 0 0 0 0 0 0 0 0 0 0 0 0 0 0 0 0 0 0 0
219 0 0 0 0 0 0 0 0 0 0 0 0 0 0 0 0 0 0 0 0 0 0
220 0 0 0 0 0 0 0 0 0 0 0 0 0 0 0 0 0 0 0 0 0 0
221 0 0 0 0 0 0 0 0 0 0 0 0 0 0 0 0 0 0 0 0 0 0
222 0 0 0 0 0 0 0 0 0 0 0 0 0 0 0 0 0 0 0 0 0 0
223 0 0 0 0 0 0 0 0 0 0 0 0 0 0 0 0 0 0 0 0 0 0
224 0 0 0 0 0 0 0 0 0 0 0 0 0 0 0 0 0 0 0 0 0 0
225 0 0 0 0 0 0 0 0 0 0 0 0 0 0 0 0 0 0 0 0 0 0
226 0 0 0 0 0 0 0 0 0 0 0 0 0 0 0 0 0 0 0 0 0 0
227 0 0 0 0 0 0 0 0 0 0 0 0 0 0 0 0 0 0 0 0 0 0
228 0 0 0 0 0 0 0 0 0 0 0 0 0 0 0 0 0 0 0 0 0 0
229 0 0 0 0 0 0 0 0 0 0 0 0 0 0 0 0 0 0 0 0 0 0
230 0 0 0 0 0 0 0 0 0 0 0 0 0 0 0 0 0 0 0 0 0 0
231 0 0 0 0 0 0 0 0 0 0 0 0 0 0 0 0 0 0 0 0 0 0
232 0 0 0 0 0 0 0 0 0 0 0 0 0 0 0 0 0 0 0 0 0 0
233 0 0 0 0 0 0 0 0 0 0 0 0 0 0 0 0 0 0 0 0 0 0
234 0 0 0 0 0 0 0 0 0 0 0 0 0 0 0 0 0 0 0 0 0 0
235 0 0 0 0 0 0 0 0 0 0 0 0 0 0 0 0 0 0 0 0 0 0
236 0 0 0 0 0 0 0 0 0 0 0 0 0 0 0 0 0 0 0 0 0 0
237 0 0 0 0 0 0 0 0 0 0 0 0 0 0 0 0 0 0 0 0 0 0
238 0 0 0 0 0 0 0 0 0 0 0 0 0 0 0 0 0 0 0 0 0 0
239 0 0 0 0 0 0 0 0 0 0 0 0 0 0 0 0 0 0 0 0 0 0
240 0 0 0 0 0 0 0 0 0 0 0 0 0 0 0 0 0 0 0 0 0 0
241 0 0 0 0 0 0 0 0 0 0 0 0 0 0 0 0 0 0 0 0 0 0
242 0 0 0 0 0 0 0 0 0 0 0 0 0 0 0 0 0 0 0 0 0 0
243 0 0 0 0 0 0 0 0 0 0 0 0 0 0 0 0 0 0 0 0 0 0
244 0 0 0 0 0 0 0 0 0 0 0 0 0 0 0 0 0 0 0 0 0 0
245 0 0 0 0 0 0 0 0 0 0 0 0 0 0 0 0 0 0 0 0 0 0
246 0 0 0 0 0 0 0 0 0 0 0 0 0 0 0 0 0 0 0 0 0 0
247 0 0 0 0 0 0 0 0 0 0 0 0 0 0 0 0 0 0 0 0 0 0
248 0 0 0 0 0 0 0 0 0 0 0 0 0 0 0 0 0 0 0 0 0 0
249 0 0 0 0 0 0 0 0 0 0 0 0 0 0 0 0 0 0 0 0 0 0
250 0 0 0 0 0 0 0 0 0 0 0 0 0 0 0 0 0 0 0 0 0 0
251 0 0 0 0 0 0 0 0 0 0 0 0 0 0 0 0 0 0 0 0 0 0
252 0 0 0 0 0 0 0 0 0 0 0 0 0 0 0 0 0 0 0 0 0 0
253 0 0 0 0 0 0 0 0 0 0 0 0 0 0 0 0 0 0 0 0 0 0
254 0 0 0 0 0 0 0 0 0 0 0 0 0 0 0 0 0 0 0 0 0 0
255 0 0 0 0 0 0 0 0 0 0 0 0 0 0 0 0 0 0 0 0 0 0
256 0 0 0 0 0 0 0 0 0 0 0 0 0 0 0 0 0 0 0 0 0 0
257 0 0 0 0 0 0 0 0 0 0 0 0 0 0 0 0 0 0 0 0 0 0
258 0 0 0 0 0 0 0 0 0 0 0 0 0 0 0 0 0 0 0 0 0 0
259 0 0 0 0 0 0 0 0 0 0 0 0 0 0 0 0 0 0 0 0 0 0
260 0 0 0 0 0 0 0 0 0 0 0 0 0 0 0 0 0 0 0 0 0 0
261 0 0 0 0 0 0 0 0 0 0 0 0 0 0 0 0 0 0 0 0 0 0
262 0 0 0 0 0 0 0 0 0 0 0 0 0 0 0 0 0 0 0 0 0 0
263 0 0 0 0 0 0 0 0 0 0 0 0 0 0 0 0 0 0 0 0 0 0
264 0 0 0 0 0 0 0 0 0 0 0 0 0 0 0 0 0 0 0 0 0 0
265 0 0 0 0 0 0 0 0 0 0 0 0 0 0 0 0 0 0 0 0 0 0
266 0 0 0 0 0 0 0 0 0 0 0 0 0 0 0 0 0 0 0 0 0 0
267 0 0 0 0 0 0 0 0 0 0 0 0 0 0 0 0 0 0 0 0 0 0
268 0 0 0 0 0 0 0 0 0 0 0 0 0 0 0 0 0 0 0 0 0 0
269 0 0 0 0 0 0 0 0 0 0 0 0 0 0 0 0 0 0 0 0 0 0
270 0 0 0 0 0 0 0 0 0 0 0 0 0 0 0 0 0 0 0 0 0 0
271 0 0 0 0 0 0 0 0 0 0 0 0 0 0 0 0 0 0 0 0 0 0
272 0 0 0 0 0 0 0 0 0 0 0 0 0 0 0 0 0 0 0 0 0 0
273 0 0 0 0 0 0 0 0 0 0 0 0 0 0 0 0 0 0 0 0 0 0
274 0 0 0 0 0 0 0 0 0 0 0 0 0 0 0 0 0 0 0 0 0 0
275 0 0 0 0 0 0 0 0 0 0 0 0 0 0 0 0 0 0 0 0 0 0
276 0 0 0 0 0 0 0 0 0 0 0 0 0 0 0 0 0 0 0 0 0 0
277 0 0 0 0 0 0 0 0 0 0 0 0 0 0 0 0 0 0 0 0 0 0
278 0 0 0 0 0 0 0 0 0 0 0 0 0 0 0 0 0 0 0 0 0 0
279 0 0 0 0 0 0 0 0 0 0 0 0 0 0 0 0 0 0 0 0 0 0
280 0 0 0 0 0 0 0 0 0 0 0 0 0 0 0 0 0 0 0 0 0 0
281 0 0 0 0 0 0 0 0 0 0 0 0 0 0 0 0 0 0 0 0 0 0
282 0 0 0 0 0 0 0 0 0 0 0 0 0 0 0 0 0 0 0 0 0 0
283 0 0 0 0 0 0 0 0 0 0 0 0 0 0 0 0 0 0 0 0 0 0
284 0 0 0 0 0 0 0 0 0 0 0 0 0 0 0 0 0 0 0 0 0 0
285 0 0 0 0 0 0 0 0 0 0 0 0 0 0 0 0 0 0 0 0 0 0
286 0 0 0 0 0 0 0 0 0 0 0 0 0 0 0 0 0 0 0 0 0 0
287 0 0 0 0 0 0 0 0 0 0 0 0 0 0 0 0 0 0 0 0 0 0
288 0 0 0 0 0 0 0 0 0 0 0 0 0 0 0 0 0 0 0 0 0 0
289 0 0 0 0 0 0 0 0 0 0 0 0 0 0 0 0 0 0 0 0 0 0
290 0 0 0 0 0 0 0 0 0 0 0 0 0 0 0 0 0 0 0 0 0 0
291 0 0 0 0 0 0 0 0 0 0 0 0 0 0 0 0 0 0 0 0 0 0
292 0 0 0 0 0 0 0 0 0 0 0 0 0 0 0 0 0 0 0 0 0 0
293 0 0 0 0 0 0 0 0 0 0 0 0 0 0 0 0 0 0 0 0 0 0
294 0 0 0 0 0 0 0 0 0 0 0 0 0 0 0 0 0 0 0 0 0 0
295 0 0 0 0 0 0 0 0 0 0 0 0 0 0 0 0 0 0 0 0 0 0
296 0 0 0 0 0 0 0 0 0 0 0 0 0 0 0 0 0 0 0 0 0 0
297 0 0 0 0 0 0 0 0 0 0 0 0 0 0 0 0 0 0 0 0 0 0
298 0 0 0 0 0 0 0 0 0 0 0 0 0 0 0 0 0 0 0 0 0 0
299 0 0 0 0 0 0 0 0 0 0 0 0 0 0 0 0 0 0 0 0 0 0
300 0 0 0 0 0 0 0 0 0 0 0 0 0 0 0 0 0 0 0 0 0 0
301 0 0 0 0 0 0 0 0 0 0 0 0 0 0 0 0 0 0 0 0 0 0
302 0 0 0 0 0 0 0 0 0 0 0 0 0 0 0 0 0 0 0 0 0 0
303 0 0 0 0 0 0 0 0 0 0 0 0 0 0 0 0 0 0 0 0 0 0
304 0 0 0 0 0 0 0 0 0 0 0 0 0 0 0 0 0 0 0 0 0 0
305 0 0 0 0 0 0 0 0 0 0 0 0 0 0 0 0 0 0 0 0 0 0
306 0 0 0 0 0 0 0 0 0 0 0 0 0 0 0 0 0 0 0 0 0 0
307 0 0 0 0 0 0 0 0 0 0 0 0 0 0 0 0 0 0 0 0 0 0
308 0 0 0 0 0 0 0 0 0 0 0 0 0 0 0 0 0 0 0 0 0 0
309 0 0 0 0 0 0 0 0 0 0 0 0 0 0 0 0 0 0 0 0 0 0
310 0 0 0 0 0 0 0 0 0 0 0 0 0 0 0 0 0 0 0 0 0 0
311 0 0 0 0 0 0 0 0 0 0 0 0 0 0 0 0 0 0 0 0 0 0
312 0 0 0 0 0 0 0 0 0 0 0 0 0 0 0 0 0 0 0 0 0 0
313 0 0 0 0 0 0 0 0 0 0 0 0 0 0 0 0 0 0 0 0 0 0
314 0 0 0 0 0 0 0 0 0 0 0 0 0 0 0 0 0 0 0 0 0 0
315 0 0 0 0 0 0 0 0 0 0 0 0 0 0 0 0 0 0 0 0 0 0
316 0 0 0 0 0 0 0 0 0 0 0 0 0 0 0 0 0 0 0 0 0 0
317 0 0 0 0 0 0 0 0 0 0 0 0 0 0 0 0 0 0 0 0 0 0
318 0 0 0 0 0 0 0 0 0 0 0 0 0 0 0 0 0 0 0 0 0 0
319 0 0 0 0 0 0 0 0 0 0 0 0 0 0 0 0 0 0 0 0 0 0
320 0 0 0 0 0 0 0 0 0 0 0 0 0 0 0 0 0 0 0 0 0 0
321 0 0 0 0 0 0 0 0 0 0 0 0 0 0 0 0 0 0 0 0 0 0
322 0 0 0 0 0 0 0 0 0 0 0 0 0 0 0 0 0 0 0 0 0 0
323 0 0 0 0 0 0 0 0 0 0 0 0 0 0 0 0 0 0 0 0 0 0
324 0 0 0 0 0 0 0 0 0 0 0 0 0 0 0 0 0 0 0 0 0 0
325 0 0 0 0 0 0 0 0 0 0 0 0 0 0 0 0 0 0 0 0 0 0
326 0 0 0 0 0 0 0 0 0 0 0 0 0 0 0 0 0 0 0 0 0 0
327 0 0 0 0 0 0 0 0 0 0 0 0 0 0 0 0 0 0 0 0 0 0
328 0 0 0 0 0 0 0 0 0 0 0 0 0 0 0 0 0 0 0 0 0 0
329 0 0 0 0 0 0 0 0 0 0 0 0 0 0 0 0 0 0 0 0 0 0
330 0 0 0 0 0 0 0 0 0 0 0 0 0 0 0 0 0 0 0 0 0 0
331 0 0 0 0 0 0 0 0 0 0 0 0 0 0 0 0 0 0 0 0 0 0
332 0 0 0 0 0 0 0 0 0 0 0 0 0 0 0 0 0 0 0 0 0 0
333 0 0 0 0 0 0 0 0 0 0 0 0 0 0 0 0 0 0 0 0 0 0
334 0 0 0 0 0 0 0 0 0 0 0 0 0 0 0 0 0 0 0 0 0 0
335 0 0 0 0 0 0 0 0 0 0 0 0 0 0 0 0 0 0 0 0 0 0
336 0 0 0 0 0 0 0 0 0 0 0 0 0 0 0 0 0 0 0 0 0 0
337 0 0 0 0 0 0 0 0 0 0 0 0 0 0 0 0 0 0 0 0 0 0
338 0 0 0 0 0 0 0 0 0 0 0 0 0 0 0 0 0 0 0 0 0 0
339 0 0 0 0 0 0 0 0 0 0 0 0 0 0 0 0 0 0 0 0 0 0
340 0 0 0 0 0 0 0 0 0 0 0 0 0 0 0 0 0 0 0 0 0 0
341 0 0 0 0 0 0 0 0 0 0 0 0 0 0 0 0 0 0 0 0 0 0
342 0 0 0 0 0 0 0 0 0 0 0 0 0 0 0 0 0 0 0 0 0 0
343 0 0 0 0 0 0 0 0 0 0 0 0 0 0 0 0 0 0 0 0 0 0
344 0 0 0 0 0 0 0 0 0 0 0 0 0 0 0 0 0 0 0 0 0 0
345 0 0 0 0 0 0 0 0 0 0 0 0 0 0 0 0 0 0 0 0 0 0
346 0 0 0 0 0 0 0 0 0 0 0 0 0 0 0 0 0 0 0 0 0 0
347 0 0 0 0 0 0 0 0 0 0 0 0 0 0 0 0 0 0 0 0 0 0
348 0 0 0 0 0 0 0 0 0 0 0 0 0 0 0 0 0 0 0 0 0 0
349 0 0 0 0 0 0 0 0 0 0 0 0 0 0 0 0 0 0 0 0 0 0
350 0 0 0 0 0 0 0 0 0 0 0 0 0 0 0 0 0 0 0 0 0 0
351 0 0 0 0 0 0 0 0 0 0 0 0 0 0 0 0 0 0 0 0 0 0
352 0 0 0 0 0 0 0 0 0 0 0 0 0 0 0 0 0 0 0 0 0 0
353 0 0 0 0 0 0 0 0 0 0 0 0 0 0 0 0 0 0 0 0 0 0
354 0 0 0 0 0 0 0 0 0 0 0 0 0 0 0 0 0 0 0 0 0 0
355 0 0 0 0 0 0 0 0 0 0 0 0 0 0 0 0 0 0 0 0 0 0
356 0 0 0 0 0 0 0 0 0 0 0 0 0 0 0 0 0 0 0 0 0 0
357 0 0 0 0 0 0 0 0 0 0 0 0 0 0 0 0 0 0 0 0 0 0
358 0 0 0 0 0 0 0 0 0 0 0 0 0 0 0 0 0 0 0 0 0 0
359 0 0 0 0 0 0 0 0 0 0 0 0 0 0 0 0 0 0 0 0 0 0
360 0 0 0 0 0 0 0 0 0 0 0 0 0 0 0 0 0 0 0 0 0 0
361 0 0 0 0 0 0 0 0 0 0 0 0 0 0 0 0 0 0 0 0 0 0
362 0 0 0 0 0 0 0 0 0 0 0 0 0 0 0 0 0 0 0 0 0 0
363 0 0 0 0 0 0 0 0 0 0 0 0 0 0 0 0 0 0 0 0 0 0
364 0 0 0 0 0 0 0 0 0 0 0 0 0 0 0 0 0 0 0 0 0 0
365 0 0 0 0 0 0 0 0 0 0 0 0 0 0 0 0 0 0 0 0 0 0
366 0 0 0 0 0 0 0 0 0 0 0 0 0 0 0 0 0 0 0 0 0 0
367 0 0 0 0 0 0 0 0 0 0 0 0 0 0 0 0 0 0 0 0 0 0
368 0 0 0 0 0 0 0 0 0 0 0 0 0 0 0 0 0 0 0 0 0 0
369 0 0 0 0 0 0 0 0 0 0 0 0 0 0 0 0 0 0 0 0 0 0
370 0 0 0 0 0 0 0 0 0 0 0 0 0 0 0 0 0 0 0 0 0 0
371 0 0 0 0 0 0 0 0 0 0 0 0 0 0 0 0 0 0 0 0 0 0
372 0 0 0 0 0 0 0 0 0 0 0 0 0 0 0 0 0 0 0 0 0 0
373 0 0 0 0 0 0 0 0 0 0 0 0 0 0 0 0 0 0 0 0 0 0
374 0 0 0 0 0 0 0 0 0 0 0 0 0 0 0 0 0 0 0 0 0 0
375 0 0 0 0 0 0 0 0 0 0 0 0 0 0 0 0 0 0 0 0 0 0
376 0 0 0 0 0 0 0 0 0 0 0 0 0 0 0 0 0 0 0 0 0 0
377 0 0 0 0 0 0 0 0 0 0 0 0 0 0 0 0 0 0 0 0 0 0
378 0 0 0 0 0 0 0 0 0 0 0 0 0 0 0 0 0 0 0 0 0 0
379 0 0 0 0 0 0 0 0 0 0 0 0 0 0 0 0 0 0 0 0 0 0
380 0 0 0 0 0 0 0 0 0 0 0 0 0 0 0 0 0 0 0 0 0 0
381 0 0 0 0 0 0 0 0 0 0 0 0 0 0 0 0 0 0 0 0 0 0
382 0 0 0 0 0 0 0 0 0 0 0 0 0 0 0 0 0 0 0 0 0 0
383 0 0 0 0 0 0 0 0 0 0 0 0 0 0 0 0 0 0 0 0 0 0
384 0 0 0 0 0 0 0 0 0 0 0 0 0 0 0 0 0 0 0 0 0 0
1 13 17 24 29 66 75 82 87 129
2 14 18 23 30 65 76 81 88 130
3 15 19 22 31 68 73 84 85 131
4 16 20 21 32 67 74 83 86 132
5 9 20 21 25 70 79 83 86 133
6 10 19 22 26 69 80 84 85 134
7 11 18 23 27 72 77 81 88 135
8 12 17 24 28 71 78 82 87 136
5 9 21 25 32 67 74 90 95 137
6 10 22 26 31 68 73 89 96 138
7 11 23 27 30 65 76 92 93 139
8 12 24 28 29 66 75 91 94 140
1 13 17 28 29 71 78 91 94 141
2 14 18 27 30 72 77 92 93 142
3 15 19 26 31 69 80 89 96 143
4 16 20 25 32 70 79 90 95 144
1 8 13 17 29 66 71 82 91 145
2 7 14 18 30 65 72 81 92 146
3 6 15 19 31 68 69 84 89 147
4 5 16 20 32 67 70 83 90 148
4 5 9 21 25 67 70 86 95 149
3 6 10 22 26 68 69 85 96 150
2 7 11 23 27 65 72 88 93 151
1 8 12 24 28 66 71 87 94 152
5 9 16 21 25 74 79 83 90 153
6 10 15 22 26 73 80 84 89 154
7 11 14 23 27 76 77 81 92 155
8 12 13 24 28 75 78 82 91 156
1 12 13 17 29 75 78 87 94 157
2 11 14 18 30 76 77 88 93 158
3 10 15 19 31 73 80 85 96 159
4 9 16 20 32 74 79 86 95 160
33 45 49 56 61 98 107 114 119 161
34 46 50 55 62 97 108 113 120 162
35 47 51 54 63 100 105 116 117 163
36 48 52 53 64 99 106 115 118 164
37 41 52 53 57 102 111 115 118 165
38 42 51 54 58 101 112 116 117 166
39 43 50 55 59 104 109 113 120 167
40 44 49 56 60 103 110 114 119 168
37 41 53 57 64 99 106 122 127 169
38 42 54 58 63 100 105 121 128 170
39 43 55 59 62 97 108 124 125 171
40 44 56 60 61 98 107 123 126 172
33 45 49 60 61 103 110 123 126 173
34 46 50 59 62 104 109 124 125 174
35 47 51 58 63 101 112 121 128 175
36 48 52 57 64 102 111 122 127 176
33 40 45 49 61 98 103 114 123 177
34 39 46 50 62 97 104 113 124 178
35 38 47 51 63 100 101 116 121 179
36 37 48 52 64 99 102 115 122 180
36 37 41 53 57 99 102 118 127 181
35 38 42 54 58 100 101 117 128 182
34 39 43 55 59 97 104 120 125 183
33 40 44 56 60 98 103 119 126 184
37 41 48 53 57 106 111 115 122 185
38 42 47 54 58 105 112 116 121 186
39 43 46 55 59 108 109 113 124 187
40 44 45 56 60 107 110 114 123 188
33 44 45 49 61 107 110 119 126 189
34 43 46 50 62 108 109 120 125 190
35 42 47 51 63 105 112 117 128 191
36 41 48 52 64 106 111 118 127 192
2 11 18 23 65 77 81 88 93 193
1 12 17 24 66 78 82 87 94 194
4 9 20 21 67 79 83 86 95 195
3 10 19 22 68 80 84 85 96 196
6 15 19 22 69 73 84 85 89 197
5 16 20 21 70 74 83 86 90 198
8 13 17 24 71 75 82 87 91 199
7 14 18 23 72 76 81 88 92 200
3 10 26 31 69 73 85 89 96 201
4 9 25 32 70 74 86 90 95 202
1 12 28 29 71 75 87 91 94 203
2 11 27 30 72 76 88 92 93 204
7 14 27 30 65 77 81 92 93 205
8 13 28 29 66 78 82 91 94 206
5 16 25 32 67 79 83 90 95 207
6 15 26 31 68 80 84 89 96 208
2 7 18 27 65 72 77 81 93 209
1 8 17 28 66 71 78 82 94 210
4 5 20 25 67 70 79 83 95 211
3 6 19 26 68 69 80 84 96 212
3 6 22 31 68 69 73 85 89 213
4 5 21 32 67 70 74 86 90 214
1 8 24 29 66 71 75 87 91 215
2 7 23 30 65 72 76 88 92 216
10 15 19 26 69 73 80 85 89 217
9 16 20 25 70 74 79 86 90 218
12 13 17 28 71 75 78 87 91 219
11 14 18 27 72 76 77 88 92 220
11 14 23 30 65 76 77 81 93 221
12 13 24 29 66 75 78 82 94 222
9 16 21 32 67 74 79 83 95 223
10 15 22 31 68 73 80 84 96 224
34 43 50 55 97 109 113 120 125 225
33 44 49 56 98 110 114 119 126 226
36 41 52 53 99 111 115 118 127 227
35 42 51 54 100 112 116 117 128 228
38 47 51 54 101 105 116 117 121 229
37 48 52 53 102 106 115 118 122 230
40 45 49 56 103 107 114 119 123 231
39 46 50 55 104 108 113 120 124 232
35 42 58 63 101 105 117 121 128 233
36 41 57 64 102 106 118 122 127 234
33 44 60 61 103 107 119 123 126 235
34 43 59 62 104 108 120 124 125 236
39 46 59 62 97 109 113 124 125 237
40 45 60 61 98 110 114 123 126 238
37 48 57 64 99 111 115 122 127 239
38 47 58 63 100 112 116 121 128 240
34 39 50 59 97 104 109 113 125 241
33 40 49 60 98 103 110 114 126 242
36 37 52 57 99 102 111 115 127 243
35 38 51 58 100 101 112 116 128 244
35 38 54 63 100 101 105 117 121 245
36 37 53 64 99 102 106 118 122 246
33 40 56 61 98 103 107 119 123 247
34 39 55 62 97 104 108 120 124 248
42 47 51 58 101 105 112 117 121 249
41 48 52 57 102 106 111 118 122 250
44 45 49 60 103 107 110 119 123 251
43 46 50 59 104 108 109 120 124 252
43 46 55 62 97 108 109 113 125 253
44 45 56 61 98 107 110 114 126 254
41 48 53 64 99 106 111 115 127 255
42 47 54 63 100 105 112 116 128 256
40 56 107 119 123 257 0 0 0 0
39 55 108 120 124 258 0 0 0 0
38 54 105 117 121 259 0 0 0 0
37 53 106 118 122 260 0 0 0 0
36 52 111 115 127 261 0 0 0 0
35 51 112 116 128 262 0 0 0 0
34 50 109 113 125 263 0 0 0 0
33 49 110 114 126 264 0 0 0 0
48 64 99 115 127 265 0 0 0 0
47 63 100 116 128 266 0 0 0 0
46 62 97 113 125 267 0 0 0 0
45 61 98 114 126 268 0 0 0 0
44 60 103 119 123 269 0 0 0 0
43 59 104 120 124 270 0 0 0 0
42 58 101 117 121 271 0 0 0 0
41 57 102 118 122 272 0 0 0 0
40 56 103 107 123 273 0 0 0 0
39 55 104 108 124 274 0 0 0 0
38 54 101 105 121 275 0 0 0 0
37 53 102 106 122 276 0 0 0 0
36 52 99 111 127 277 0 0 0 0
35 51 100 112 128 278 0 0 0 0
34 50 97 109 125 279 0 0 0 0
33 49 98 110 126 280 0 0 0 0
48 64 99 111 115 281 0 0 0 0
47 63 100 112 116 282 0 0 0 0
46 62 97 109 113 283 0 0 0 0
45 61 98 110 114 284 0 0 0 0
44 60 103 107 119 285 0 0 0 0
43 59 104 108 120 286 0 0 0 0
42 58 101 105 117 287 0 0 0 0
41 57 102 106 118 288 0 0 0 0
8 24 75 87 91 289 0 0 0 0
7 23 76 88 92 290 0 0 0 0
6 22 73 85 89 291 0 0 0 0
5 21 74 86 90 292 0 0 0 0
4 20 79 83 95 293 0 0 0 0
3 19 80 84 96 294 0 0 0 0
2 18 77 81 93 295 0 0 0 0
1 17 78 82 94 296 0 0 0 0
16 32 67 83 95 297 0 0 0 0
15 31 68 84 96 298 0 0 0 0
14 30 65 81 93 299 0 0 0 0
13 29 66 82 94 300 0 0 0 0
12 28 71 87 91 301 0 0 0 0
11 27 72 88 92 302 0 0 0 0
10 26 69 85 89 303 0 0 0 0
9 25 70 86 90 304 0 0 0 0
8 24 71 75 91 305 0 0 0 0
7 23 72 76 92 306 0 0 0 0
6 22 69 73 89 307 0 0 0 0
5 21 70 74 90 308 0 0 0 0
4 20 67 79 95 309 0 0 0 0
3 19 68 80 96 310 0 0 0 0
2 18 65 77 93 311 0 0 0 0
1 17 66 78 94 312 0 0 0 0
16 32 67 79 83 313 0 0 0 0
15 31 68 80 84 314 0 0 0 0
14 30 65 77 81 315 0 0 0 0
13 29 66 78 82 316 0 0 0 0
12 28 71 75 87 317 0 0 0 0
11 27 72 76 88 318 0 0 0 0
10 26 69 73 85 319 0 0 0 0
9 25 70 74 86 320 0 0 0 0
43 55 59 104 120 321 0 0 0 0
44 56 60 103 119 322 0 0 0 0
41 53 57 102 118 323 0 0 0 0
42 54 58 101 117 324 0 0 0 0
47 51 63 100 116 325 0 0 0 0
48 52 64 99 115 326 0 0 0 0
45 49 61 98 114 327 0 0 0 0
46 50 62 97 113 328 0 0 0 0
35 51 63 112 128 329 0 0 0 0
36 52 64 111 127 330 0 0 0 0
33 49 61 110 126 331 0 0 0 0
34 50 62 109 125 332 0 0 0 0
39 55 59 108 124 333 0 0 0 0
40 56 60 107 123 334 0 0 0 0
37 53 57 106 122 335 0 0 0 0
38 54 58 105 121 336 0 0 0 0
39 43 59 104 120 337 0 0 0 0
40 44 60 103 119 338 0 0 0 0
37 41 57 102 118 339 0 0 0 0
38 42 58 101 117 340 0 0 0 0
35 47 63 100 116 341 0 0 0 0
36 48 64 99 115 342 0 0 0 0
33 45 61 98 114 343 0 0 0 0
34 46 62 97 113 344 0 0 0 0
35 47 51 112 128 345 0 0 0 0
36 48 52 111 127 346 0 0 0 0
33 45 49 110 126 347 0 0 0 0
34 46 50 109 125 348 0 0 0 0
39 43 55 108 124 349 0 0 0 0
40 44 56 107 123 350 0 0 0 0
37 41 53 106 122 351 0 0 0 0
38 42 54 105 121 352 0 0 0 0
11 23 27 72 88 353 0 0 0 0
12 24 28 71 87 354 0 0 0 0
9 21 25 70 86 355 0 0 0 0
10 22 26 69 85 356 0 0 0 0
15 19 31 68 84 357 0 0 0 0
16 20 32 67 83 358 0 0 0 0
13 17 29 66 82 359 0 0 0 0
14 18 30 65 81 360 0 0 0 0
3 19 31 80 96 361 0 0 0 0
4 20 32 79 95 362 0 0 0 0
1 17 29 78 94 363 0 0 0 0
2 18 30 77 93 364 0 0 0 0
7 23 27 76 92 365 0 0 0 0
8 24 28 75 91 366 0 0 0 0
5 21 25 74 90 367 0 0 0 0
6 22 26 73 89 368 0 0 0 0
7 11 27 72 88 369 0 0 0 0
8 12 28 71 87 370 0 0 0 0
5 9 25 70 86 371 0 0 0 0
6 10 26 69 85 372 0 0 0 0
3 15 31 68 84 373 0 0 0 0
4 16 32 67 83 374 0 0 0 0
1 13 29 66 82 375 0 0 0 0
2 14 30 65 81 376 0 0 0 0
3 15 19 80 96 377 0 0 0 0
4 16 20 79 95 378 0 0 0 0
1 13 17 78 94 379 0 0 0 0
2 14 18 77 93 380 0 0 0 0
7 11 23 76 92 381 0 0 0 0
8 12 24 75 91 382 0 0 0 0
5 9 21 74 90 383 0 0 0 0
6 10 22 73 89 384 0 0 0 0
3 31 40 57 96 102 103 122 123 385
4 32 39 58 95 101 104 121 124 386
1 29 38 59 94 101 104 121 124 387
2 30 37 60 93 102 103 122 123 388
7 27 36 61 92 98 99 126 127 389
8 28 35 62 91 97 100 125 128 390
5 25 34 63 90 97 100 125 128 391
6 26 33 64 89 98 99 126 127 392
11 23 48 49 88 110 111 114 115 393
12 24 47 50 87 109 112 113 116 394
9 21 46 51 86 109 112 113 116 395
10 22 45 52 85 110 111 114 115 396
15 19 44 53 84 106 107 118 119 397
16 20 43 54 83 105 108 117 120 398
13 17 42 55 82 105 108 117 120 399
14 18 41 56 81 106 107 118 119 400
15 19 41 56 80 106 107 118 119 401
16 20 42 55 79 105 108 117 120 402
13 17 43 54 78 105 108 117 120 403
14 18 44 53 77 106 107 118 119 404
11 23 45 52 76 110 111 114 115 405
12 24 46 51 75 109 112 113 116 406
9 21 47 50 74 109 112 113 116 407
10 22 48 49 73 110 111 114 115 408
7 27 33 64 72 98 99 126 127 409
8 28 34 63 71 97 100 125 128 410
5 25 35 62 70 97 100 125 128 411
6 26 36 61 69 98 99 126 127 412
3 31 37 60 68 102 103 122 123 413
4 32 38 59 67 101 104 121 124 414
1 29 39 58 66 101 104 121 124 415
2 30 40 57 65 102 103 122 123 416
8 25 35 63 70 71 90 91 128 417
7 26 36 64 69 72 89 92 127 418
6 27 33 61 69 72 89 92 126 419
5 28 34 62 70 71 90 91 125 420
4 29 39 59 66 67 94 95 124 421
3 30 40 60 65 68 93 96 123 422
2 31 37 57 65 68 93 96 122 423
1 32 38 58 66 67 94 95 121 424
16 17 43 55 78 79 82 83 120 425
15 18 44 56 77 80 81 84 119 426
14 19 41 53 77 80 81 84 118 427
13 20 42 54 78 79 82 83 117 428
12 21 47 51 74 75 86 87 116 429
11 22 48 52 73 76 85 88 115 430
10 23 45 49 73 76 85 88 114 431
9 24 46 50 74 75 86 87 113 432
9 24 47 51 74 75 86 87 112 433
10 23 48 52 73 76 85 88 111 434
11 22 45 49 73 76 85 88 110 435
12 21 46 50 74 75 86 87 109 436
13 20 43 55 78 79 82 83 108 437
14 19 44 56 77 80 81 84 107 438
15 18 41 53 77 80 81 84 106 439
16 17 42 54 78 79 82 83 105 440
1 32 39 59 66 67 94 95 104 441
2 31 40 60 65 68 93 96 103 442
3 30 37 57 65 68 93 96 102 443
4 29 38 58 66 67 94 95 101 444
5 28 35 63 70 71 90 91 100 445
6 27 36 64 69 72 89 92 99 446
7 26 33 61 69 72 89 92 98 447
8 25 34 62 70 71 90 91 97 448
32 38 39 58 59 67 95 104 121 449
31 37 40 57 60 68 96 103 122 450
30 37 40 57 60 65 93 102 123 451
29 38 39 58 59 66 94 101 124 452
28 34 35 62 63 71 91 100 125 453
27 33 36 61 64 72 92 99 126 454
26 33 36 61 64 69 89 98 127 455
25 34 35 62 63 70 90 97 128 456
24 46 47 50 51 75 87 112 113 457
23 45 48 49 52 76 88 111 114 458
22 45 48 49 52 73 85 110 115 459
21 46 47 50 51 74 86 109 116 460
20 42 43 54 55 79 83 108 117 461
19 41 44 53 56 80 84 107 118 462
18 41 44 53 56 77 81 106 119 463
17 42 43 54 55 78 82 105 120 464
16 42 43 54 55 79 83 105 120 465
15 41 44 53 56 80 84 106 119 466
14 41 44 53 56 77 81 107 118 467
13 42 43 54 55 78 82 108 117 468
12 46 47 50 51 75 87 109 116 469
11 45 48 49 52 76 88 110 115 470
10 45 48 49 52 73 85 111 114 471
9 46 47 50 51 74 86 112 113 472
8 34 35 62 63 71 91 97 128 473
7 33 36 61 64 72 92 98 127 474
6 33 36 61 64 69 89 99 126 475
5 34 35 62 63 70 90 100 125 476
4 38 39 58 59 67 95 101 124 477
3 37 40 57 60 68 96 102 123 478
2 37 40 57 60 65 93 103 122 479
1 38 39 58 59 66 94 104 121 480
6 7 26 27 64 72 89 99 127 481
5 8 25 28 63 71 90 100 128 482
5 8 25 28 62 70 91 97 125 483
6 7 26 27 61 69 92 98 126 484
2 3 30 31 60 68 93 103 123 485
1 4 29 32 59 67 94 104 124 486
1 4 29 32 58 66 95 101 121 487
2 3 30 31 57 65 96 102 122 488
14 15 18 19 56 80 81 107 119 489
13 16 17 20 55 79 82 108 120 490
13 16 17 20 54 78 83 105 117 491
14 15 18 19 53 77 84 106 118 492
10 11 22 23 52 76 85 111 115 493
9 12 21 24 51 75 86 112 116 494
9 12 21 24 50 74 87 109 113 495
10 11 22 23 49 73 88 110 114 496
10 11 22 23 48 73 88 111 115 497
9 12 21 24 47 74 87 112 116 498
9 12 21 24 46 75 86 109 113 499
10 11 22 23 45 76 85 110 114 500
14 15 18 19 44 77 84 107 119 501
13 16 17 20 43 78 83 108 120 502
13 16 17 20 42 79 82 105 117 503
14 15 18 19 41 80 81 106 118 504
2 3 30 31 40 65 96 103 123 505
1 4 29 32 39 66 95 104 124 506
1 4 29 32 38 67 94 101 121 507
2 3 30 31 37 68 93 102 122 508
6 7 26 27 36 69 92 99 127 509
5 8 25 28 35 70 91 100 128 510
5 8 25 28 34 71 90 97 125 511
6 7 26 27 33 72 89 98 126 512
