64 64
8 8
8 8 8 8 8 8 8 8 8 8 8 8 8 8 8 8 8 8 8 8 8 8 8 8 8 8 8 8 8 8 8 8 8 8 8 8 8 8 8 8 8 8 8 8 8 8 8 8 8 8 8 8 8 8 8 8 8 8 8 8 8 8 8 8
8 8 8 8 8 8 8 8 8 8 8 8 8 8 8 8 8 8 8 8 8 8 8 8 8 8 8 8 8 8 8 8 8 8 8 8 8 8 8 8 8 8 8 8 8 8 8 8 8 8 8 8 8 8 8 8 8 8 8 8 8 8 8 8
1 13 17 30 33 41 48 52
2 14 16 23 34 42 49 53
3 15 25 32 35 43 50 54
4 18 24 31 36 44 57 61
5 9 21 26 37 45 51 55
6 10 19 20 38 46 58 62
7 11 28 29 39 47 59 63
8 12 22 27 40 56 60 64
4 15 19 21 34 43 55 57
3 20 24 26 33 44 50 62
2 13 27 29 36 41 49 63
1 14 22 28 35 42 48 64
8 11 16 30 38 47 52 60
7 12 17 23 37 53 56 59
6 9 18 32 40 45 54 58
5 10 25 31 39 46 51 61
7 9 16 31 36 47 58 64
8 10 17 32 35 51 56 63
5 11 18 23 34 45 60 62
6 12 25 30 33 46 55 59
3 13 19 22 40 43 49 61
4 14 26 29 39 44 48 54
1 15 20 27 38 41 53 57
2 21 24 28 37 42 50 52
6 11 22 26 38 42 51 54
5 12 19 29 37 41 58 61
8 9 20 28 40 44 52 59
7 10 21 27 39 43 53 60
2 15 17 31 34 46 48 63
1 16 24 32 33 45 49 64
4 13 23 25 36 50 55 56
3 14 18 30 35 47 57 62
8 24 25 29 35 45 59 61
7 15 18 22 36 46 54 60
6 14 17 21 33 47 51 53
5 13 16 20 34 52 56 58
4 12 28 32 39 41 50 64
3 11 27 31 40 42 57 63
2 10 26 30 37 43 48 62
1 9 19 23 38 44 49 55
5 14 27 32 39 49 56 62
6 13 28 31 40 47 48 55
7 19 24 30 37 46 57 64
8 15 23 26 38 45 50 63
1 10 18 29 35 44 53 58
2 9 22 25 36 43 51 52
3 12 16 21 33 42 60 61
4 11 17 20 34 41 54 59
2 12 18 20 40 46 50 53
1 11 21 25 39 45 52 57
4 10 16 22 38 48 56 61
3 9 17 29 37 47 49 54
6 23 24 27 36 42 59 62
5 15 28 30 35 41 55 60
8 14 19 31 34 44 51 64
7 13 26 32 33 43 58 63
3 10 23 28 37 44 60 63
4 9 27 30 38 43 59 64
1 12 26 31 39 42 55 58
2 11 19 32 40 41 51 62
7 14 20 25 33 54 56 57
8 13 18 21 34 47 50 61
5 17 22 24 35 46 49 52
6 15 16 29 36 45 48 53
1 12 23 30 40 45 50 59
2 11 24 29 39 46 49 60
3 10 21 32 38 47 52 57
4 9 22 31 37 48 51 58
5 16 19 26 36 41 54 63
6 15 20 25 35 42 53 64
7 14 17 28 34 43 56 61
8 13 18 27 33 44 55 62
5 15 17 27 40 46 52 58
6 16 18 28 39 45 51 57
7 13 19 25 38 48 50 60
8 14 20 26 37 47 49 59
1 11 21 31 36 42 56 62
2 12 22 32 35 41 55 61
3 9 23 29 34 44 54 64
2 13 17 30 36 47 51 64
1 14 18 29 35 48 52 63
4 15 19 32 34 45 49 62
6 9 21 26 40 43 55 60
6 10 23 27 36 48 49 61
5 9 24 28 35 47 50 62
8 12 21 25 34 46 51 63
2 14 19 31 40 44 53 57
4 10 24 30 33 43 53 63
3 16 20 31 33 46 50 61
5 10 22 25 39 44 56 59
8 11 23 28 38 41 53 58
7 12 24 27 37 42 54 57
7 11 22 26 33 45 52 64
1 13 20 32 39 43 54 58
4 16 17 29 38 42 55 59
3 15 18 30 37 41 56 60
1 10 20 30 35 47 56 61
2 9 19 29 36 48 55 62
3 12 18 32 33 45 54 63
4 11 17 31 34 46 53 64
5 14 24 26 39 43 52 57
6 13 23 25 40 44 51 58
7 16 22 28 37 41 50 59
8 15 21 27 38 42 49 60
1 11 23 26 37 48 54 60
2 12 24 25 38 47 53 59
3 9 21 28 39 46 56 58
4 10 22 27 40 45 55 57
5 15 19 30 33 44 50 64
6 16 20 29 34 43 49 63
7 13 17 32 35 42 52 62
1 12 22 29 39 42 51 64
2 11 21 30 40 41 52 63
3 10 24 31 37 44 49 62
5 16 18 25 35 46 55 60
1 13 24 27 36 46 50 63
2 14 23 28 35 45 49 64
3 15 22 25 34 48 52 61
5 9 20 31 40 42 54 59
8 14 18 31 36 41 51 61
4 9 23 32 38 43 50 61
6 15 17 26 36 45 56 59
7 14 20 27 33 48 53 58
8 13 19 28 34 47 54 57
4 16 21 26 33 47 51 62
6 10 19 32 39 41 53 60
7 11 18 29 38 44 56 57
8 12 17 30 37 43 55 58
1 1 1 1 1 1 1 1
1 1 1 1 1 1 1 1
1 1 1 1 1 1 1 1
1 1 1 1 1 1 1 1
1 1 1 1 1 1 1 1
1 1 1 1 1 1 1 1
1 1 1 1 1 1 1 1
1 1 1 1 1 1 1 1
1 1 1 1 1 1 1 1
1 1 1 1 1 1 1 1
1 1 1 1 1 1 1 1
1 1 1 1 1 1 1 1
1 1 1 1 1 1 1 1
1 1 1 1 1 1 1 1
1 1 1 1 1 1 1 1
1 1 1 1 1 1 1 1
1 1 1 1 1 1 1 1
1 1 1 1 1 1 1 1
1 1 1 1 1 1 1 1
1 1 1 1 1 1 1 1
1 1 1 1 1 1 1 1
1 1 1 1 1 1 1 1
1 1 1 1 1 1 1 1
1 1 1 1 1 1 1 1
1 1 1 1 1 1 1 1
1 1 1 1 1 1 1 1
1 1 1 1 1 1 1 1
1 1 1 1 1 1 1 1
1 1 1 1 1 1 1 1
1 1 1 1 1 1 1 1
1 1 1 1 1 1 1 1
1 1 1 1 1 1 1 1
2 2 2 2 2 2 2 2
2 2 2 2 2 2 2 2
2 2 2 2 2 2 2 2
2 2 2 2 2 2 2 2
2 2 2 2 2 2 2 2
2 2 2 2 2 2 2 2
2 2 2 2 2 2 2 2
2 2 2 2 2 2 2 2
2 2 2 2 2 2 2 2
2 2 2 2 2 2 2 2
2 2 2 2 2 2 2 2
2 2 2 2 2 2 2 2
2 2 2 2 2 2 2 2
2 2 2 2 2 2 2 2
2 2 2 2 2 2 2 2
2 2 2 2 2 2 2 2
2 2 2 2 2 2 2 2
2 2 2 2 2 2 2 2
2 2 2 2 2 2 2 2
2 2 2 2 2 2 2 2
2 2 2 2 2 2 2 2
2 2 2 2 2 2 2 2
2 2 2 2 2 2 2 2
2 2 2 2 2 2 2 2
2 2 2 2 2 2 2 2
2 2 2 2 2 2 2 2
2 2 2 2 2 2 2 2
2 2 2 2 2 2 2 2
2 2 2 2 2 2 2 2
2 2 2 2 2 2 2 2
2 2 2 2 2 2 2 2
2 2 2 2 2 2 2 2
1 1 1 1 2 2 2 2
1 1 1 1 2 2 2 2
1 1 1 1 2 2 2 2
1 1 1 1 2 2 2 2
1 1 1 1 2 2 2 2
1 1 1 1 2 2 2 2
1 1 1 1 2 2 2 2
1 1 1 1 2 2 2 2
1 1 1 1 2 2 2 2
1 1 1 1 2 2 2 2
1 1 1 1 2 2 2 2
1 1 1 1 2 2 2 2
1 1 1 1 2 2 2 2
1 1 1 1 2 2 2 2
1 1 1 1 2 2 2 2
1 1 1 1 2 2 2 2
1 1 1 1 2 2 2 2
1 1 1 1 2 2 2 2
1 1 1 1 2 2 2 2
1 1 1 1 2 2 2 2
1 1 1 1 2 2 2 2
1 1 1 1 2 2 2 2
1 1 1 1 2 2 2 2
1 1 1 1 2 2 2 2
1 1 1 1 2 2 2 2
1 1 1 1 2 2 2 2
1 1 1 1 2 2 2 2
1 1 1 1 2 2 2 2
1 1 1 1 2 2 2 2
1 1 1 1 2 2 2 2
1 1 1 1 2 2 2 2
1 1 1 1 2 2 2 2
1 1 1 1 2 2 2 2
1 1 1 1 2 2 2 2
1 1 1 1 2 2 2 2
1 1 1 1 2 2 2 2
1 1 1 1 2 2 2 2
1 1 1 1 2 2 2 2
1 1 1 1 2 2 2 2
1 1 1 1 2 2 2 2
1 1 1 1 2 2 2 2
1 1 1 1 2 2 2 2
1 1 1 1 2 2 2 2
1 1 1 1 2 2 2 2
1 1 1 1 2 2 2 2
1 1 1 1 2 2 2 2
1 1 1 1 2 2 2 2
1 1 1 1 2 2 2 2
1 1 1 1 2 2 2 2
1 1 1 1 2 2 2 2
1 1 1 1 2 2 2 2
1 1 1 1 2 2 2 2
1 1 1 1 2 2 2 2
1 1 1 1 2 2 2 2
1 1 1 1 2 2 2 2
1 1 1 1 2 2 2 2
1 1 1 1 2 2 2 2
1 1 1 1 2 2 2 2
1 1 1 1 2 2 2 2
1 1 1 1 2 2 2 2
1 1 1 1 2 2 2 2
1 1 1 1 2 2 2 2
1 1 1 1 2 2 2 2
1 1 1 1 2 2 2 2
