64 18
7 16
5 5 5 5 7 5 5 3 5 5 5 5 5 7 7 3 3 3 3 3 3 3 3 1 1 1 1 1 1 1 1 1 5 5 5 7 5 5 5 3 5 5 5 7 5 5 7 3 3 3 3 3 3 3 3 1 1 1 1 1 1 1 1 1
16 12 12 12 12 12 12 12 12 16 12 12 12 12 12 12 12 12
1 2 3 4 9 0 0
1 5 6 7 9 0 0
1 3 6 7 8 0 0
1 2 4 5 8 0 0
1 2 3 5 6 8 9
1 4 7 8 9 0 0
1 3 4 5 7 0 0
1 2 6 0 0 0 0
1 2 5 7 8 0 0
1 3 5 6 9 0 0
1 3 4 6 7 0 0
1 2 4 8 9 0 0
1 4 5 7 9 0 0
1 2 3 4 5 6 8
1 2 3 6 7 8 9
2 3 4 0 0 0 0
2 3 5 0 0 0 0
2 4 5 0 0 0 0
3 4 5 0 0 0 0
6 7 8 0 0 0 0
6 7 9 0 0 0 0
6 8 9 0 0 0 0
7 8 9 0 0 0 0
1 0 0 0 0 0 0
2 0 0 0 0 0 0
3 0 0 0 0 0 0
4 0 0 0 0 0 0
5 0 0 0 0 0 0
6 0 0 0 0 0 0
7 0 0 0 0 0 0
8 0 0 0 0 0 0
9 0 0 0 0 0 0
10 11 15 17 18 0 0
10 12 15 16 17 0 0
10 12 13 14 17 0 0
10 11 13 14 16 17 18
10 13 15 16 18 0 0
10 11 12 13 15 0 0
10 11 12 14 16 0 0
10 14 18 0 0 0 0
10 12 13 16 18 0 0
10 11 14 17 18 0 0
10 11 12 15 18 0 0
10 13 14 15 16 17 18
10 12 14 15 17 0 0
10 11 13 15 16 0 0
10 11 12 13 14 16 17
11 12 13 0 0 0 0
11 12 14 0 0 0 0
11 13 14 0 0 0 0
12 13 14 0 0 0 0
15 16 17 0 0 0 0
15 16 18 0 0 0 0
15 17 18 0 0 0 0
16 17 18 0 0 0 0
10 0 0 0 0 0 0
11 0 0 0 0 0 0
12 0 0 0 0 0 0
13 0 0 0 0 0 0
14 0 0 0 0 0 0
15 0 0 0 0 0 0
16 0 0 0 0 0 0
17 0 0 0 0 0 0
18 0 0 0 0 0 0
1 2 3 4 5 6 7 8 9 10 11 12 13 14 15 24
1 4 5 8 9 12 14 15 16 17 18 25 0 0 0 0
1 3 5 7 10 11 14 15 16 17 19 26 0 0 0 0
1 4 6 7 11 12 13 14 16 18 19 27 0 0 0 0
2 4 5 7 9 10 13 14 17 18 19 28 0 0 0 0
2 3 5 8 10 11 14 15 20 21 22 29 0 0 0 0
2 3 6 7 9 11 13 15 20 21 23 30 0 0 0 0
3 4 5 6 9 12 14 15 20 22 23 31 0 0 0 0
1 2 5 6 10 12 13 15 21 22 23 32 0 0 0 0
33 34 35 36 37 38 39 40 41 42 43 44 45 46 47 56
33 36 38 39 42 43 46 47 48 49 50 57 0 0 0 0
34 35 38 39 41 43 45 47 48 49 51 58 0 0 0 0
35 36 37 38 41 44 46 47 48 50 51 59 0 0 0 0
35 36 39 40 42 44 45 47 49 50 51 60 0 0 0 0
33 34 37 38 43 44 45 46 52 53 54 61 0 0 0 0
34 36 37 39 41 44 46 47 52 53 55 62 0 0 0 0
33 34 35 36 42 44 45 47 52 54 55 63 0 0 0 0
33 36 37 40 41 42 43 44 53 54 55 64 0 0 0 0
1 1 1 1 1 1 1 1 1 1 1 1 1 1 1 1
1 1 1 1 1 1 1 1 1 1 1 1 0 0 0 0
1 1 1 1 1 1 1 1 1 1 1 1 0 0 0 0
1 1 1 1 1 1 1 1 1 1 1 1 0 0 0 0
1 1 1 1 1 1 1 1 1 1 1 1 0 0 0 0
1 1 1 1 1 1 1 1 1 1 1 1 0 0 0 0
1 1 1 1 1 1 1 1 1 1 1 1 0 0 0 0
1 1 1 1 1 1 1 1 1 1 1 1 0 0 0 0
1 1 1 1 1 1 1 1 1 1 1 1 0 0 0 0
1 1 1 1 1 1 1 1 1 1 1 1 1 1 1 1
1 1 1 1 1 1 1 1 1 1 1 1 0 0 0 0
1 1 1 1 1 1 1 1 1 1 1 1 0 0 0 0
1 1 1 1 1 1 1 1 1 1 1 1 0 0 0 0
1 1 1 1 1 1 1 1 1 1 1 1 0 0 0 0
1 1 1 1 1 1 1 1 1 1 1 1 0 0 0 0
1 1 1 1 1 1 1 1 1 1 1 1 0 0 0 0
1 1 1 1 1 1 1 1 1 1 1 1 0 0 0 0
1 1 1 1 1 1 1 1 1 1 1 1 0 0 0 0
1 1 1 1 1 0 0
1 1 1 1 1 0 0
1 1 1 1 1 0 0
1 1 1 1 1 0 0
1 1 1 1 1 1 1
1 1 1 1 1 0 0
1 1 1 1 1 0 0
1 1 1 0 0 0 0
1 1 1 1 1 0 0
1 1 1 1 1 0 0
1 1 1 1 1 0 0
1 1 1 1 1 0 0
1 1 1 1 1 0 0
1 1 1 1 1 1 1
1 1 1 1 1 1 1
1 1 1 0 0 0 0
1 1 1 0 0 0 0
1 1 1 0 0 0 0
1 1 1 0 0 0 0
1 1 1 0 0 0 0
1 1 1 0 0 0 0
1 1 1 0 0 0 0
1 1 1 0 0 0 0
1 0 0 0 0 0 0
1 0 0 0 0 0 0
1 0 0 0 0 0 0
1 0 0 0 0 0 0
1 0 0 0 0 0 0
1 0 0 0 0 0 0
1 0 0 0 0 0 0
1 0 0 0 0 0 0
1 0 0 0 0 0 0
1 1 1 1 1 0 0
1 1 1 1 1 0 0
1 1 1 1 1 0 0
1 1 1 1 1 1 1
1 1 1 1 1 0 0
1 1 1 1 1 0 0
1 1 1 1 1 0 0
1 1 1 0 0 0 0
1 1 1 1 1 0 0
1 1 1 1 1 0 0
1 1 1 1 1 0 0
1 1 1 1 1 1 1
1 1 1 1 1 0 0
1 1 1 1 1 0 0
1 1 1 1 1 1 1
1 1 1 0 0 0 0
1 1 1 0 0 0 0
1 1 1 0 0 0 0
1 1 1 0 0 0 0
1 1 1 0 0 0 0
1 1 1 0 0 0 0
1 1 1 0 0 0 0
1 1 1 0 0 0 0
1 0 0 0 0 0 0
1 0 0 0 0 0 0
1 0 0 0 0 0 0
1 0 0 0 0 0 0
1 0 0 0 0 0 0
1 0 0 0 0 0 0
1 0 0 0 0 0 0
1 0 0 0 0 0 0
1 0 0 0 0 0 0
