50 42
21 8
3 3 3 3 3 3 3 6 6 6 6 6 6 6 6 6 6 6 6 6 6 6 6 6 6 6 6 6 6 6 6 6 6 6 6 6 6 6 6 6 6 6 6 6 6 6 6 6 6 21 
8 8 8 8 8 8 8 8 8 8 8 8 8 8 8 8 8 8 8 8 8 6 6 6 6 6 6 6 6 6 6 6 6 6 6 6 6 6 6 6 6 6 
7 14 21 0 0 0 0 0 0 0 0 0 0 0 0 0 0 0 0 0 0
1 8 15 0 0 0 0 0 0 0 0 0 0 0 0 0 0 0 0 0 0
2 9 16 0 0 0 0 0 0 0 0 0 0 0 0 0 0 0 0 0 0
3 10 17 0 0 0 0 0 0 0 0 0 0 0 0 0 0 0 0 0 0
4 11 18 0 0 0 0 0 0 0 0 0 0 0 0 0 0 0 0 0 0
5 12 19 0 0 0 0 0 0 0 0 0 0 0 0 0 0 0 0 0 0
6 13 20 0 0 0 0 0 0 0 0 0 0 0 0 0 0 0 0 0 0
7 11 20 25 35 41 0 0 0 0 0 0 0 0 0 0 0 0 0 0 0
1 12 21 26 29 42 0 0 0 0 0 0 0 0 0 0 0 0 0 0 0
2 13 15 27 30 36 0 0 0 0 0 0 0 0 0 0 0 0 0 0 0
3 14 16 28 31 37 0 0 0 0 0 0 0 0 0 0 0 0 0 0 0
4 8 17 22 32 38 0 0 0 0 0 0 0 0 0 0 0 0 0 0 0
5 9 18 23 33 39 0 0 0 0 0 0 0 0 0 0 0 0 0 0 0
6 10 19 24 34 40 0 0 0 0 0 0 0 0 0 0 0 0 0 0 0
6 14 18 27 32 42 0 0 0 0 0 0 0 0 0 0 0 0 0 0 0
7 8 19 28 33 36 0 0 0 0 0 0 0 0 0 0 0 0 0 0 0
1 9 20 22 34 37 0 0 0 0 0 0 0 0 0 0 0 0 0 0 0
2 10 21 23 35 38 0 0 0 0 0 0 0 0 0 0 0 0 0 0 0
3 11 15 24 29 39 0 0 0 0 0 0 0 0 0 0 0 0 0 0 0
4 12 16 25 30 40 0 0 0 0 0 0 0 0 0 0 0 0 0 0 0
5 13 17 26 31 41 0 0 0 0 0 0 0 0 0 0 0 0 0 0 0
4 13 21 28 34 39 0 0 0 0 0 0 0 0 0 0 0 0 0 0 0
5 14 15 22 35 40 0 0 0 0 0 0 0 0 0 0 0 0 0 0 0
6 8 16 23 29 41 0 0 0 0 0 0 0 0 0 0 0 0 0 0 0
7 9 17 24 30 42 0 0 0 0 0 0 0 0 0 0 0 0 0 0 0
1 10 18 25 31 36 0 0 0 0 0 0 0 0 0 0 0 0 0 0 0
2 11 19 26 32 37 0 0 0 0 0 0 0 0 0 0 0 0 0 0 0
3 12 20 27 33 38 0 0 0 0 0 0 0 0 0 0 0 0 0 0 0
5 10 16 23 31 40 0 0 0 0 0 0 0 0 0 0 0 0 0 0 0
6 11 17 24 32 41 0 0 0 0 0 0 0 0 0 0 0 0 0 0 0
7 12 18 25 33 42 0 0 0 0 0 0 0 0 0 0 0 0 0 0 0
1 13 19 26 34 36 0 0 0 0 0 0 0 0 0 0 0 0 0 0 0
2 14 20 27 35 37 0 0 0 0 0 0 0 0 0 0 0 0 0 0 0
3 8 21 28 29 38 0 0 0 0 0 0 0 0 0 0 0 0 0 0 0
4 9 15 22 30 39 0 0 0 0 0 0 0 0 0 0 0 0 0 0 0
2 12 17 26 30 38 0 0 0 0 0 0 0 0 0 0 0 0 0 0 0
3 13 18 27 31 39 0 0 0 0 0 0 0 0 0 0 0 0 0 0 0
4 14 19 28 32 40 0 0 0 0 0 0 0 0 0 0 0 0 0 0 0
5 8 20 22 33 41 0 0 0 0 0 0 0 0 0 0 0 0 0 0 0
6 9 21 23 34 42 0 0 0 0 0 0 0 0 0 0 0 0 0 0 0
7 10 15 24 35 36 0 0 0 0 0 0 0 0 0 0 0 0 0 0 0
1 11 16 25 29 37 0 0 0 0 0 0 0 0 0 0 0 0 0 0 0
3 9 19 24 33 37 0 0 0 0 0 0 0 0 0 0 0 0 0 0 0
4 10 20 25 34 38 0 0 0 0 0 0 0 0 0 0 0 0 0 0 0
5 11 21 26 35 39 0 0 0 0 0 0 0 0 0 0 0 0 0 0 0
6 12 15 27 29 40 0 0 0 0 0 0 0 0 0 0 0 0 0 0 0
7 13 16 28 30 41 0 0 0 0 0 0 0 0 0 0 0 0 0 0 0
1 14 17 22 31 42 0 0 0 0 0 0 0 0 0 0 0 0 0 0 0
2 8 18 23 32 36 0 0 0 0 0 0 0 0 0 0 0 0 0 0 0
1 2 3 4 5 6 7 8 9 10 11 12 13 14 15 16 17 18 19 20 21
2 9 17 26 32 42 48 50
3 10 18 27 33 36 49 50
4 11 19 28 34 37 43 50
5 12 20 22 35 38 44 50
6 13 21 23 29 39 45 50
7 14 15 24 30 40 46 50
1 8 16 25 31 41 47 50
2 12 16 24 34 39 49 50
3 13 17 25 35 40 43 50
4 14 18 26 29 41 44 50
5 8 19 27 30 42 45 50
6 9 20 28 31 36 46 50
7 10 21 22 32 37 47 50
1 11 15 23 33 38 48 50
2 10 19 23 35 41 46 50
3 11 20 24 29 42 47 50
4 12 21 25 30 36 48 50
5 13 15 26 31 37 49 50
6 14 16 27 32 38 43 50
7 8 17 28 33 39 44 50
1 9 18 22 34 40 45 50
12 17 23 35 39 48 0 0
13 18 24 29 40 49 0 0
14 19 25 30 41 43 0 0
8 20 26 31 42 44 0 0
9 21 27 32 36 45 0 0
10 15 28 33 37 46 0 0
11 16 22 34 38 47 0 0
9 19 24 34 42 46 0 0
10 20 25 35 36 47 0 0
11 21 26 29 37 48 0 0
12 15 27 30 38 49 0 0
13 16 28 31 39 43 0 0
14 17 22 32 40 44 0 0
8 18 23 33 41 45 0 0
10 16 26 32 41 49 0 0
11 17 27 33 42 43 0 0
12 18 28 34 36 44 0 0
13 19 22 35 37 45 0 0
14 20 23 29 38 46 0 0
8 21 24 30 39 47 0 0
9 15 25 31 40 48 0 0
1 1 1 1 1 1 1 1
1 1 1 1 1 1 1 1
1 1 1 1 1 1 1 1
1 1 1 1 1 1 1 1
1 1 1 1 1 1 1 1
1 1 1 1 1 1 1 1
1 1 1 1 1 1 1 1
1 1 1 1 1 1 1 1
1 1 1 1 1 1 1 1
1 1 1 1 1 1 1 1
1 1 1 1 1 1 1 1
1 1 1 1 1 1 1 1
1 1 1 1 1 1 1 1
1 1 1 1 1 1 1 1
2 2 2 2 2 2 2 2
2 2 2 2 2 2 2 2
2 2 2 2 2 2 2 2
2 2 2 2 2 2 2 2
2 2 2 2 2 2 2 2
2 2 2 2 2 2 2 2
2 2 2 2 2 2 2 2
2 2 2 2 2 2 0 0
2 2 2 2 2 2 0 0
2 2 2 2 2 2 0 0
2 2 2 2 2 2 0 0
2 2 2 2 2 2 0 0
2 2 2 2 2 2 0 0
2 2 2 2 2 2 0 0
2 2 2 2 2 2 0 0
2 2 2 2 2 2 0 0
2 2 2 2 2 2 0 0
2 2 2 2 2 2 0 0
2 2 2 2 2 2 0 0
2 2 2 2 2 2 0 0
2 2 2 2 2 2 0 0
2 2 2 2 2 2 0 0
2 2 2 2 2 2 0 0
2 2 2 2 2 2 0 0
2 2 2 2 2 2 0 0
2 2 2 2 2 2 0 0
2 2 2 2 2 2 0 0
2 2 2 2 2 2 0 0
1 1 2 0 0 0 0 0 0 0 0 0 0 0 0 0 0 0 0 0 0
1 1 2 0 0 0 0 0 0 0 0 0 0 0 0 0 0 0 0 0 0
1 1 2 0 0 0 0 0 0 0 0 0 0 0 0 0 0 0 0 0 0
1 1 2 0 0 0 0 0 0 0 0 0 0 0 0 0 0 0 0 0 0
1 1 2 0 0 0 0 0 0 0 0 0 0 0 0 0 0 0 0 0 0
1 1 2 0 0 0 0 0 0 0 0 0 0 0 0 0 0 0 0 0 0
1 1 2 0 0 0 0 0 0 0 0 0 0 0 0 0 0 0 0 0 0
1 1 2 2 2 2 0 0 0 0 0 0 0 0 0 0 0 0 0 0 0
1 1 2 2 2 2 0 0 0 0 0 0 0 0 0 0 0 0 0 0 0
1 1 2 2 2 2 0 0 0 0 0 0 0 0 0 0 0 0 0 0 0
1 1 2 2 2 2 0 0 0 0 0 0 0 0 0 0 0 0 0 0 0
1 1 2 2 2 2 0 0 0 0 0 0 0 0 0 0 0 0 0 0 0
1 1 2 2 2 2 0 0 0 0 0 0 0 0 0 0 0 0 0 0 0
1 1 2 2 2 2 0 0 0 0 0 0 0 0 0 0 0 0 0 0 0
1 1 2 2 2 2 0 0 0 0 0 0 0 0 0 0 0 0 0 0 0
1 1 2 2 2 2 0 0 0 0 0 0 0 0 0 0 0 0 0 0 0
1 1 2 2 2 2 0 0 0 0 0 0 0 0 0 0 0 0 0 0 0
1 1 2 2 2 2 0 0 0 0 0 0 0 0 0 0 0 0 0 0 0
1 1 2 2 2 2 0 0 0 0 0 0 0 0 0 0 0 0 0 0 0
1 1 2 2 2 2 0 0 0 0 0 0 0 0 0 0 0 0 0 0 0
1 1 2 2 2 2 0 0 0 0 0 0 0 0 0 0 0 0 0 0 0
1 1 2 2 2 2 0 0 0 0 0 0 0 0 0 0 0 0 0 0 0
1 1 2 2 2 2 0 0 0 0 0 0 0 0 0 0 0 0 0 0 0
1 1 2 2 2 2 0 0 0 0 0 0 0 0 0 0 0 0 0 0 0
1 1 2 2 2 2 0 0 0 0 0 0 0 0 0 0 0 0 0 0 0
1 1 2 2 2 2 0 0 0 0 0 0 0 0 0 0 0 0 0 0 0
1 1 2 2 2 2 0 0 0 0 0 0 0 0 0 0 0 0 0 0 0
1 1 2 2 2 2 0 0 0 0 0 0 0 0 0 0 0 0 0 0 0
1 1 2 2 2 2 0 0 0 0 0 0 0 0 0 0 0 0 0 0 0
1 1 2 2 2 2 0 0 0 0 0 0 0 0 0 0 0 0 0 0 0
1 1 2 2 2 2 0 0 0 0 0 0 0 0 0 0 0 0 0 0 0
1 1 2 2 2 2 0 0 0 0 0 0 0 0 0 0 0 0 0 0 0
1 1 2 2 2 2 0 0 0 0 0 0 0 0 0 0 0 0 0 0 0
1 1 2 2 2 2 0 0 0 0 0 0 0 0 0 0 0 0 0 0 0
1 1 2 2 2 2 0 0 0 0 0 0 0 0 0 0 0 0 0 0 0
1 1 2 2 2 2 0 0 0 0 0 0 0 0 0 0 0 0 0 0 0
1 1 2 2 2 2 0 0 0 0 0 0 0 0 0 0 0 0 0 0 0
1 1 2 2 2 2 0 0 0 0 0 0 0 0 0 0 0 0 0 0 0
1 1 2 2 2 2 0 0 0 0 0 0 0 0 0 0 0 0 0 0 0
1 1 2 2 2 2 0 0 0 0 0 0 0 0 0 0 0 0 0 0 0
1 1 2 2 2 2 0 0 0 0 0 0 0 0 0 0 0 0 0 0 0
1 1 2 2 2 2 0 0 0 0 0 0 0 0 0 0 0 0 0 0 0
1 1 2 2 2 2 0 0 0 0 0 0 0 0 0 0 0 0 0 0 0
1 1 2 2 2 2 0 0 0 0 0 0 0 0 0 0 0 0 0 0 0
1 1 2 2 2 2 0 0 0 0 0 0 0 0 0 0 0 0 0 0 0
1 1 2 2 2 2 0 0 0 0 0 0 0 0 0 0 0 0 0 0 0
1 1 2 2 2 2 0 0 0 0 0 0 0 0 0 0 0 0 0 0 0
1 1 2 2 2 2 0 0 0 0 0 0 0 0 0 0 0 0 0 0 0
1 1 2 2 2 2 0 0 0 0 0 0 0 0 0 0 0 0 0 0 0
1 1 1 1 1 1 1 1 1 1 1 1 1 1 2 2 2 2 2 2 2
