21 18
18 6
6 6 6 4 4 6 6 6 6 4 4 2 2 2 2 2 4 4 6 8 18 
6 6 6 6 6 6 6 6 6 6 6 6 6 6 6 6 6 6 
1 2 7 10 11 16 0 0 0 0 0 0 0 0 0 0 0 0
1 3 8 10 12 17 0 0 0 0 0 0 0 0 0 0 0 0
1 4 9 10 13 18 0 0 0 0 0 0 0 0 0 0 0 0
1 5 10 14 0 0 0 0 0 0 0 0 0 0 0 0 0 0
1 6 10 15 0 0 0 0 0 0 0 0 0 0 0 0 0 0
3 4 6 12 13 15 0 0 0 0 0 0 0 0 0 0 0 0
4 5 7 13 14 16 0 0 0 0 0 0 0 0 0 0 0 0
5 6 8 14 15 17 0 0 0 0 0 0 0 0 0 0 0 0
6 7 9 15 16 18 0 0 0 0 0 0 0 0 0 0 0 0
7 8 16 17 0 0 0 0 0 0 0 0 0 0 0 0 0 0
8 9 17 18 0 0 0 0 0 0 0 0 0 0 0 0 0 0
9 18 0 0 0 0 0 0 0 0 0 0 0 0 0 0 0 0
2 11 0 0 0 0 0 0 0 0 0 0 0 0 0 0 0 0
3 12 0 0 0 0 0 0 0 0 0 0 0 0 0 0 0 0
4 13 0 0 0 0 0 0 0 0 0 0 0 0 0 0 0 0
5 14 0 0 0 0 0 0 0 0 0 0 0 0 0 0 0 0
2 6 11 15 0 0 0 0 0 0 0 0 0 0 0 0 0 0
3 7 12 16 0 0 0 0 0 0 0 0 0 0 0 0 0 0
2 4 8 11 13 17 0 0 0 0 0 0 0 0 0 0 0 0
2 3 5 9 11 12 14 18 0 0 0 0 0 0 0 0 0 0
1 2 3 4 5 6 7 8 9 10 11 12 13 14 15 16 17 18
1 2 3 4 5 21
1 13 17 19 20 21
2 6 14 18 20 21
3 6 7 15 19 21
4 7 8 16 20 21
5 6 8 9 17 21
1 7 9 10 18 21
2 8 10 11 19 21
3 9 11 12 20 21
1 2 3 4 5 21
1 13 17 19 20 21
2 6 14 18 20 21
3 6 7 15 19 21
4 7 8 16 20 21
5 6 8 9 17 21
1 7 9 10 18 21
2 8 10 11 19 21
3 9 11 12 20 21
1 1 1 1 1 1
1 1 1 1 1 1
1 1 1 1 1 1
1 1 1 1 1 1
1 1 1 1 1 1
1 1 1 1 1 1
1 1 1 1 1 1
1 1 1 1 1 1
1 1 1 1 1 1
2 2 2 2 2 2
2 2 2 2 2 2
2 2 2 2 2 2
2 2 2 2 2 2
2 2 2 2 2 2
2 2 2 2 2 2
2 2 2 2 2 2
2 2 2 2 2 2
2 2 2 2 2 2
1 1 1 2 2 2 0 0 0 0 0 0 0 0 0 0 0 0
1 1 1 2 2 2 0 0 0 0 0 0 0 0 0 0 0 0
1 1 1 2 2 2 0 0 0 0 0 0 0 0 0 0 0 0
1 1 2 2 0 0 0 0 0 0 0 0 0 0 0 0 0 0
1 1 2 2 0 0 0 0 0 0 0 0 0 0 0 0 0 0
1 1 1 2 2 2 0 0 0 0 0 0 0 0 0 0 0 0
1 1 1 2 2 2 0 0 0 0 0 0 0 0 0 0 0 0
1 1 1 2 2 2 0 0 0 0 0 0 0 0 0 0 0 0
1 1 1 2 2 2 0 0 0 0 0 0 0 0 0 0 0 0
1 1 2 2 0 0 0 0 0 0 0 0 0 0 0 0 0 0
1 1 2 2 0 0 0 0 0 0 0 0 0 0 0 0 0 0
1 2 0 0 0 0 0 0 0 0 0 0 0 0 0 0 0 0
1 2 0 0 0 0 0 0 0 0 0 0 0 0 0 0 0 0
1 2 0 0 0 0 0 0 0 0 0 0 0 0 0 0 0 0
1 2 0 0 0 0 0 0 0 0 0 0 0 0 0 0 0 0
1 2 0 0 0 0 0 0 0 0 0 0 0 0 0 0 0 0
1 1 2 2 0 0 0 0 0 0 0 0 0 0 0 0 0 0
1 1 2 2 0 0 0 0 0 0 0 0 0 0 0 0 0 0
1 1 1 2 2 2 0 0 0 0 0 0 0 0 0 0 0 0
1 1 1 1 2 2 2 2 0 0 0 0 0 0 0 0 0 0
1 1 1 1 1 1 1 1 1 2 2 2 2 2 2 2 2 2
