24 24
4 4
4 4 4 4 4 4 4 4 4 4 4 4 4 4 4 4 4 4 4 4 4 4 4 4 
4 4 4 4 4 4 4 4 4 4 4 4 4 4 4 4 4 4 4 4 4 4 4 4 
1 11 17 20
2 12 18 21
1 3 19 22
2 4 20 23
3 5 21 24
4 6 13 22
5 7 14 23
6 8 15 24
7 9 13 16
8 10 14 17
9 11 15 18
10 12 16 19
6 9 13 15
7 10 14 16
8 11 15 17
9 12 16 18
1 10 17 19
2 11 18 20
3 12 19 21
1 4 20 22
2 5 21 23
3 6 22 24
4 7 13 23
5 8 14 24
1 3 17 20
2 4 18 21
3 5 19 22
4 6 20 23
5 7 21 24
6 8 13 22
7 9 14 23
8 10 15 24
9 11 13 16
10 12 14 17
1 11 15 18
2 12 16 19
6 9 13 23
7 10 14 24
8 11 13 15
9 12 14 16
1 10 15 17
2 11 16 18
3 12 17 19
1 4 18 20
2 5 19 21
3 6 20 22
4 7 21 23
5 8 22 24
1 1 1 1
1 1 1 1
1 1 1 1
1 1 1 1
1 1 1 1
1 1 1 1
1 1 1 1
1 1 1 1
1 1 1 1
1 1 1 1
1 1 1 1
1 1 1 1
2 2 2 2
2 2 2 2
2 2 2 2
2 2 2 2
2 2 2 2
2 2 2 2
2 2 2 2
2 2 2 2
2 2 2 2
2 2 2 2
2 2 2 2
2 2 2 2
1 1 2 2
1 1 2 2
1 1 2 2
1 1 2 2
1 1 2 2
1 1 2 2
1 1 2 2
1 1 2 2
1 1 2 2
1 1 2 2
1 1 2 2
1 1 2 2
1 1 2 2
1 1 2 2
1 1 2 2
1 1 2 2
1 1 2 2
1 1 2 2
1 1 2 2
1 1 2 2
1 1 2 2
1 1 2 2
1 1 2 2
1 1 2 2
