50 539
136 12
128 125 127 125 130 136 123 130 123 123 133 128 125 124 121 134 128 131 131 130 123 126 127 124 129 129 129 124 124 122 132 130 127 128 127 128 129 126 127 136 130 130 123 129 134 128 121 132 129 42 
8 8 8 8 8 8 8 8 8 8 8 8 8 8 8 8 8 8 8 8 8 12 12 12 12 12 12 12 12 12 12 12 12 12 12 12 12 12 12 12 12 12 12 12 12 12 12 12 12 12 12 12 12 12 12 12 12 12 12 12 12 12 12 12 12 12 12 12 12 12 12 12 12 12 12 12 12 12 12 12 12 12 12 12 12 12 12 12 12 12 12 12 12 12 12 12 12 12 12 12 12 12 12 12 12 12 12 12 12 12 12 12 12 12 12 12 12 12 12 12 12 12 12 12 12 12 12 12 12 12 12 12 12 12 12 12 12 12 12 12 12 12 12 12 12 12 12 12 12 12 12 12 12 12 12 12 12 12 12 12 12 12 12 12 12 12 12 12 12 12 12 12 12 12 12 12 12 12 12 12 12 12 12 12 12 12 12 12 12 12 12 12 12 12 12 12 12 12 12 12 12 12 12 12 12 12 12 12 12 12 12 12 12 12 12 12 12 12 12 12 12 12 12 12 12 12 12 12 12 12 12 12 12 12 12 12 12 12 12 12 12 12 12 12 12 12 12 12 12 12 12 12 12 12 12 12 12 12 12 12 12 12 12 12 12 12 8 8 8 8 8 8 8 8 8 8 8 8 8 8 8 8 8 8 8 8 8 12 12 12 12 12 12 12 12 12 12 12 12 12 12 12 12 12 12 12 12 12 12 12 12 12 12 12 12 12 12 12 12 12 12 12 12 12 12 12 12 12 12 12 12 12 12 12 12 12 12 12 12 12 12 12 12 12 12 12 12 12 12 12 12 12 12 12 12 12 12 12 12 12 12 12 12 12 12 12 12 12 12 12 12 12 12 12 12 12 12 12 12 12 12 12 12 12 12 12 12 12 12 12 12 12 12 12 12 12 12 12 12 12 12 12 12 12 12 12 12 12 12 12 12 12 12 12 12 12 12 12 12 12 12 12 12 12 12 12 12 12 12 12 12 12 12 12 12 12 12 12 12 12 12 12 12 12 12 12 12 12 12 12 12 12 12 12 12 12 12 12 12 12 12 12 12 12 12 12 12 12 12 12 12 12 12 12 12 12 12 12 12 12 12 12 12 12 12 12 12 12 12 12 12 12 12 12 12 12 12 12 12 12 12 12 12 12 12 12 12 12 12 12 12 12 12 12 12 12 12 12 12 12 12 12 12 12 12 12 12 12 12 12 12 12 12 12 12 12 12 12 12 
19 20 21 209 210 211 212 213 214 215 216 217 218 219 220 221 222 223 224 225 226 227 228 229 230 231 232 233 234 235 236 237 238 239 240 241 242 243 244 245 246 247 248 249 250 251 252 253 254 255 256 257 258 259 260 261 262 263 264 265 266 285 286 287 476 477 478 479 480 481 482 483 484 485 486 487 488 489 490 491 492 493 494 495 496 497 498 499 500 501 502 503 504 505 506 507 508 509 510 511 512 513 514 515 516 517 518 519 520 521 522 523 524 525 526 527 528 529 530 531 532 533 534 535 536 537 538 539 0 0 0 0 0 0 0 0
16 17 18 162 163 164 165 166 167 168 169 170 171 172 173 174 175 176 177 178 179 180 181 182 183 184 185 186 187 188 189 190 191 192 193 194 195 196 197 198 199 200 201 202 203 204 205 206 207 208 256 257 258 259 260 261 262 263 264 265 266 282 283 284 428 429 430 431 432 433 434 435 436 437 438 439 440 441 442 443 444 445 446 447 448 449 450 451 452 453 454 455 456 457 458 459 460 461 462 463 464 465 466 467 468 469 470 471 472 473 474 475 527 528 529 530 531 532 533 534 535 536 537 538 539 0 0 0 0 0 0 0 0 0 0 0
13 14 15 124 125 126 127 128 129 130 131 132 133 134 135 136 137 138 139 140 141 142 143 144 145 146 147 148 149 150 151 152 153 154 155 156 157 158 159 160 161 197 198 199 200 201 202 203 204 205 206 207 208 245 246 247 248 249 250 251 252 253 254 255 279 280 281 395 396 397 398 399 400 401 402 403 404 405 406 407 408 409 410 411 412 413 414 415 416 417 418 419 420 421 422 423 424 425 426 427 463 464 465 466 467 468 469 470 471 472 473 474 475 514 515 516 517 518 519 520 521 522 523 524 525 526 539 0 0 0 0 0 0 0 0 0
10 11 12 101 102 103 104 105 106 107 108 109 110 111 112 113 114 115 116 117 118 119 120 121 122 123 152 153 154 155 156 157 158 159 160 161 188 189 190 191 192 193 194 195 196 208 235 236 237 238 239 240 241 242 243 244 254 255 265 266 276 277 278 368 369 370 371 372 373 374 375 376 377 378 379 380 381 382 383 384 385 386 387 388 389 390 391 392 393 394 418 419 420 421 422 423 424 425 426 427 454 455 456 457 458 459 460 461 462 475 503 504 505 506 507 508 509 510 511 512 513 525 526 537 538 0 0 0 0 0 0 0 0 0 0 0
7 8 9 83 84 85 86 87 88 89 90 91 92 93 94 95 96 97 98 99 100 115 116 117 118 119 120 121 122 123 143 144 145 146 147 148 149 150 151 161 180 181 182 183 184 185 186 187 196 207 208 226 227 228 229 230 231 232 233 234 244 252 253 264 266 273 274 275 350 351 352 353 354 355 356 357 358 359 360 361 362 363 364 365 366 367 385 386 387 388 389 390 391 392 393 394 412 413 414 415 416 417 427 444 445 446 447 448 449 450 451 452 453 473 474 475 494 495 496 497 498 499 500 501 502 513 523 524 536 538 0 0 0 0 0 0
4 5 6 74 75 76 77 78 79 80 81 82 91 92 93 94 95 96 97 98 99 100 106 107 108 109 110 111 112 113 114 134 135 136 137 138 139 140 141 142 160 161 170 171 172 173 174 175 176 177 178 179 195 206 216 217 218 219 220 221 222 223 224 225 234 253 255 263 264 265 270 271 272 342 343 344 345 346 347 348 349 359 360 361 362 363 364 365 366 367 376 377 378 379 380 381 382 383 384 394 403 404 405 406 407 408 409 410 411 426 427 436 437 438 439 440 441 442 443 472 474 485 486 487 488 489 490 491 492 493 502 524 526 535 536 537
1 2 3 74 75 76 77 78 79 80 81 82 83 84 85 86 87 88 89 90 101 102 103 104 105 124 125 126 127 128 129 130 131 132 133 160 162 163 164 165 166 167 168 169 195 196 206 207 209 210 211 212 213 214 215 234 244 252 254 263 267 268 269 342 343 344 345 346 347 348 349 350 351 352 353 354 355 356 357 358 368 369 370 371 372 373 374 375 394 395 396 397 398 399 400 401 402 426 428 429 430 431 432 433 434 435 472 473 476 477 478 479 480 481 482 483 484 502 513 523 525 535 539 0 0 0 0 0 0 0 0 0 0 0 0 0
15 18 21 59 60 61 62 63 64 65 66 67 68 69 70 71 72 73 82 114 123 129 130 131 132 133 140 141 142 150 151 157 158 159 166 167 168 169 177 178 179 186 187 192 193 194 204 205 208 213 214 215 224 225 232 233 239 240 241 242 243 251 252 255 263 269 272 275 327 328 329 330 331 332 333 334 335 336 337 338 339 340 341 348 349 357 358 366 367 372 373 374 375 381 382 383 384 391 392 393 401 402 410 411 417 425 427 434 435 441 442 443 451 452 453 462 482 483 484 490 491 492 493 498 499 500 501 523 534 535 0 0 0 0 0 0
12 14 17 50 51 52 53 54 55 56 57 58 69 70 71 72 73 100 105 112 113 120 121 122 127 128 133 137 138 139 147 148 149 155 156 161 174 175 176 183 184 185 187 196 203 205 223 238 240 241 242 243 249 250 260 261 262 265 268 271 287 316 317 318 319 320 321 322 323 324 325 326 337 338 339 340 341 347 349 354 355 356 358 363 364 365 371 375 379 380 390 394 399 400 407 408 409 416 432 433 438 439 440 443 462 471 480 481 493 499 500 501 510 511 512 521 522 524 531 532 533 537 539 0 0 0 0 0 0 0 0 0 0 0 0 0
9 11 13 43 44 45 46 47 48 49 55 56 57 58 67 68 82 89 90 97 98 99 103 104 108 109 110 111 119 125 126 132 135 136 139 142 146 149 156 159 165 184 185 186 187 193 194 202 204 207 223 231 232 233 239 243 247 248 253 259 267 284 286 308 309 310 311 312 313 314 315 322 323 324 325 326 335 336 346 348 353 362 369 370 374 378 396 397 398 400 416 425 431 433 439 440 442 443 450 452 453 460 461 469 470 473 481 484 489 491 492 497 498 502 507 508 509 517 518 519 520 529 530 0 0 0 0 0 0 0 0 0 0 0 0 0
6 8 10 38 39 40 41 42 46 47 48 49 53 54 66 73 79 80 81 85 86 87 88 95 96 102 104 105 111 122 135 136 138 139 142 146 148 151 155 157 158 165 175 176 179 182 183 187 191 192 195 201 208 222 225 229 230 234 236 237 242 246 255 281 283 285 302 303 304 305 306 307 311 312 313 314 315 320 321 333 334 336 341 345 352 378 390 397 398 399 400 408 409 411 415 417 423 424 431 432 435 437 438 443 448 449 451 457 458 459 467 468 475 480 482 483 488 490 495 496 501 504 505 506 509 512 516 520 523 526 530 533 535 0 0 0
3 5 7 32 33 34 35 36 37 41 42 45 52 65 66 72 73 77 78 84 88 96 99 102 104 105 109 110 113 119 120 121 126 128 132 139 141 147 150 161 169 173 174 178 181 185 190 196 214 215 219 220 221 224 227 228 230 233 246 252 259 263 278 280 282 297 298 299 300 301 305 306 307 309 310 319 326 332 334 340 341 352 362 370 371 374 380 384 389 392 393 396 400 402 406 407 414 421 422 427 434 440 441 445 446 447 449 453 456 459 468 470 479 487 505 506 508 509 512 516 518 519 522 529 531 532 537 539 0 0 0 0 0 0 0 0
2 4 20 29 30 31 34 35 36 37 39 40 44 58 63 64 72 78 81 84 86 87 90 95 97 98 104 108 112 123 125 131 133 137 140 142 145 164 167 168 171 172 176 177 178 190 201 212 213 218 221 228 229 230 233 237 242 248 250 253 261 262 265 274 277 279 294 295 296 299 300 301 303 304 308 315 318 326 330 331 340 345 356 364 365 367 369 375 379 382 383 388 391 394 401 404 405 409 410 413 422 424 430 446 447 448 449 453 456 458 461 467 469 473 487 496 497 501 504 509 511 517 521 524 534 0 0 0 0 0 0 0 0 0 0 0
1 16 19 29 30 31 32 33 38 43 50 51 58 59 60 61 62 66 77 79 80 85 89 100 103 105 114 127 129 130 132 133 145 164 166 171 172 173 176 178 181 182 185 191 195 202 203 207 212 218 219 220 222 227 230 231 234 236 238 243 247 249 251 260 270 273 276 294 295 296 297 298 302 315 316 317 327 328 329 334 336 346 347 353 354 355 357 363 366 372 373 374 375 381 388 389 404 405 406 409 413 414 415 421 423 430 437 440 445 449 450 457 460 471 475 479 488 489 495 502 507 510 512 526 0 0 0 0 0 0 0 0 0 0 0 0
8 17 20 27 28 29 30 31 38 48 49 51 58 64 69 70 71 72 80 85 88 93 94 95 100 105 117 118 122 123 142 145 146 151 158 163 170 174 175 182 188 189 190 194 200 205 211 212 216 217 220 221 223 235 237 244 245 248 250 260 263 267 270 280 293 301 307 317 319 323 324 325 328 329 332 336 347 348 351 353 366 368 369 370 376 377 378 383 393 394 398 402 405 407 416 420 421 425 428 429 430 431 432 436 437 453 465 466 470 471 474 481 486 488 489 512 516 522 525 532 535 0 0 0 0 0 0 0 0 0 0 0 0 0 0 0
5 13 16 25 26 36 37 42 51 52 56 57 58 60 61 62 65 68 76 77 82 92 94 99 100 105 113 114 121 124 125 126 136 141 143 144 145 146 154 156 160 162 163 164 165 168 172 174 180 181 182 189 191 203 204 208 215 221 223 224 233 245 247 248 258 264 269 277 285 291 292 295 296 300 301 308 312 313 314 318 321 336 338 339 341 344 349 350 351 352 355 357 365 369 373 378 379 387 390 391 395 401 402 409 419 424 425 426 429 434 435 453 456 461 462 469 480 484 486 488 490 494 495 496 502 506 511 514 515 516 519 530 538 539 0 0
2 10 15 23 24 31 35 37 44 46 47 49 54 68 70 71 73 75 76 81 82 84 90 98 102 106 107 110 114 118 125 130 134 140 141 144 150 151 155 159 161 164 165 176 189 191 192 199 205 206 211 213 233 235 236 237 244 245 246 251 262 273 282 287 289 290 296 302 305 306 307 310 321 322 324 325 326 327 329 341 352 353 357 361 362 363 374 386 387 389 390 409 413 415 416 429 434 436 441 447 450 454 455 456 458 462 466 468 474 478 481 485 486 487 492 493 495 500 503 510 511 513 515 521 522 529 533 535 0 0 0 0 0 0 0 0
7 12 19 22 28 30 31 38 41 43 45 54 55 57 59 62 73 80 83 84 87 92 96 101 107 112 113 119 122 132 144 147 150 156 176 180 181 188 189 190 194 202 208 210 218 222 223 231 236 241 246 247 251 254 257 258 259 260 264 272 279 284 288 293 299 301 304 310 311 313 314 315 326 328 329 332 333 337 339 343 344 345 348 360 361 362 367 374 378 381 384 393 395 401 405 411 412 413 414 416 419 422 426 428 429 430 432 433 439 441 444 450 452 455 460 461 467 470 475 483 487 490 493 501 515 517 521 528 530 536 539 0 0 0 0 0
4 9 18 26 27 34 36 37 40 45 47 48 49 61 62 65 69 71 75 78 83 89 90 95 99 107 108 112 116 132 134 137 140 143 144 145 149 158 161 165 166 169 172 179 190 192 198 199 201 204 206 215 216 217 218 220 223 226 231 232 234 242 257 259 266 268 276 281 292 294 295 296 298 304 306 307 315 318 319 323 325 334 339 343 345 347 352 356 358 365 371 373 376 377 378 381 383 386 388 398 403 408 411 415 417 421 424 427 430 433 440 455 457 460 464 468 472 477 478 479 480 501 503 507 510 513 514 515 519 520 532 0 0 0 0 0
1 6 14 24 25 29 31 33 40 41 42 52 56 57 66 71 77 81 83 85 89 93 96 101 103 106 107 110 111 114 121 128 130 136 137 145 147 149 153 155 162 163 165 166 168 170 175 179 185 198 200 201 203 210 212 217 222 225 242 246 250 254 262 263 275 278 286 290 291 298 299 300 301 308 312 314 322 325 327 329 331 334 340 350 351 352 355 358 360 366 368 370 371 377 380 384 389 391 394 417 420 422 440 444 451 452 454 455 458 459 462 469 475 477 479 484 487 489 497 500 506 507 517 520 525 527 528 529 534 536 0 0 0 0 0 0
3 11 21 22 23 33 34 35 37 43 44 46 49 55 57 59 60 62 64 66 72 78 83 87 88 98 102 103 108 111 114 116 117 119 123 124 126 128 142 153 154 159 160 163 169 185 190 202 213 217 224 225 226 232 234 241 245 246 266 271 274 283 288 289 294 296 302 305 307 311 314 317 331 333 337 338 339 340 349 351 356 363 367 377 379 380 388 403 407 408 412 414 416 427 430 431 435 437 439 447 451 457 459 462 464 465 467 471 472 483 485 486 487 492 494 496 497 502 512 527 533 534 538 0 0 0 0 0 0 0 0 0 0 0 0 0
4 8 12 23 25 29 32 34 36 40 43 48 54 55 58 65 67 70 72 75 76 78 83 85 88 93 97 101 105 108 113 118 120 134 135 137 140 142 144 145 146 151 153 156 167 171 172 177 180 182 183 188 195 197 208 209 216 218 226 229 234 238 240 241 249 255 269 282 286 288 299 302 303 305 306 310 312 316 318 322 334 338 340 343 344 349 350 357 359 372 373 382 395 397 401 402 418 435 436 440 441 445 446 447 454 456 465 466 468 473 482 486 487 489 494 497 498 502 503 507 508 515 517 520 528 531 0 0 0 0 0 0 0 0 0 0
1 5 9 23 28 29 33 36 42 45 47 48 53 58 60 63 79 85 90 92 97 101 103 105 107 113 114 116 117 127 129 130 134 141 143 149 152 161 162 166 170 173 174 184 186 193 196 210 212 217 221 223 224 226 228 231 232 233 249 252 256 263 279 283 287 291 294 297 299 304 305 311 321 322 324 332 335 338 340 342 354 382 385 395 397 401 404 405 410 412 413 419 422 429 430 431 435 436 437 438 444 448 451 455 457 459 462 464 475 477 478 481 485 493 499 500 503 505 510 511 512 517 522 523 526 531 535 0 0 0 0 0 0 0 0 0
2 6 21 26 28 35 40 41 42 43 47 50 52 59 60 64 70 73 75 79 83 84 90 93 94 96 101 106 111 115 124 125 131 135 136 138 148 163 164 165 170 171 175 176 179 193 197 211 214 222 224 226 228 232 233 239 240 241 253 257 265 276 280 284 289 291 294 295 298 310 311 313 318 320 324 330 333 336 354 359 372 373 376 381 386 387 388 395 396 402 403 406 407 416 420 423 427 428 433 439 442 444 446 450 452 453 457 461 466 476 491 503 505 507 510 512 515 516 522 527 528 530 537 539 0 0 0 0 0 0 0 0 0 0 0 0
3 17 19 24 26 30 33 34 35 39 41 44 51 59 67 69 70 73 76 78 88 91 102 109 124 126 128 129 132 148 152 169 170 171 174 175 176 183 184 188 195 198 200 205 207 210 214 217 218 222 223 226 227 231 234 235 236 238 245 246 247 251 258 261 275 277 281 289 293 295 300 304 306 309 313 316 319 327 331 336 338 341 342 350 358 360 361 366 368 369 377 378 379 392 394 397 398 399 403 404 408 409 411 415 419 423 444 446 451 452 453 455 456 461 462 464 465 468 473 491 498 499 500 503 504 511 514 520 524 0 0 0 0 0 0 0
13 18 20 22 24 29 30 32 34 38 47 52 53 56 61 64 68 69 74 86 109 115 124 125 126 129 132 135 136 143 146 153 154 156 163 165 166 169 170 177 179 180 186 189 190 192 199 208 211 212 216 221 228 229 235 237 240 242 247 250 252 255 261 263 271 273 278 292 293 298 299 300 303 306 308 317 324 326 327 333 335 337 338 341 343 349 351 352 353 357 364 368 370 371 372 374 379 384 386 392 403 404 407 408 409 413 415 416 420 422 438 439 444 445 450 454 459 463 475 476 485 494 495 502 505 506 508 518 526 0 0 0 0 0 0 0
10 14 16 22 27 29 41 44 46 47 51 54 56 60 61 63 65 66 86 91 102 106 117 118 124 127 128 134 137 138 144 145 147 149 157 161 162 164 171 172 173 180 181 182 184 185 192 196 200 209 219 235 236 237 240 242 245 246 250 257 258 265 267 272 274 290 292 294 297 299 302 313 315 319 320 323 324 326 328 331 337 344 346 353 356 360 364 368 369 370 372 374 377 378 381 384 387 388 396 397 398 403 410 411 412 418 427 428 431 436 441 442 446 447 448 477 481 486 487 490 493 494 496 497 499 501 518 523 535 0 0 0 0 0 0 0
7 11 15 25 27 34 38 39 41 45 46 50 55 60 66 68 70 72 74 84 92 94 96 101 103 107 108 111 114 116 120 129 130 131 134 135 140 141 142 147 151 154 157 167 180 181 184 185 189 190 198 199 205 207 219 227 228 235 239 251 253 256 268 270 285 288 290 294 306 308 309 312 313 315 317 321 323 328 330 332 334 346 351 352 356 358 361 366 368 371 376 385 394 395 399 404 405 406 429 430 433 436 437 440 463 478 482 489 490 494 495 496 499 501 504 505 506 514 516 524 527 530 537 539 0 0 0 0 0 0 0 0 0 0 0 0
5 15 17 23 24 27 28 31 34 36 41 42 49 51 53 63 66 68 69 74 77 80 91 92 98 99 109 113 117 130 131 133 140 144 148 150 151 157 159 160 163 167 168 173 175 183 187 188 194 199 200 208 219 221 224 228 251 260 261 264 274 276 286 288 289 292 295 298 303 307 312 313 316 322 324 326 331 336 339 343 351 354 355 356 364 367 373 375 376 381 383 386 394 397 412 414 421 423 447 448 449 455 457 458 460 465 475 476 483 484 489 491 496 498 508 510 517 518 520 525 528 529 532 536 0 0 0 0 0 0 0 0 0 0 0 0
2 12 13 22 25 26 28 29 34 35 50 54 55 56 62 68 72 74 75 80 81 84 86 90 94 107 109 110 112 113 120 122 126 131 136 139 143 146 154 161 164 167 171 188 194 204 206 209 211 213 215 228 238 241 243 244 245 247 248 249 257 270 275 283 290 291 293 297 301 305 306 311 313 315 317 325 327 328 331 335 341 346 347 350 355 358 360 376 383 391 392 397 405 406 414 417 427 431 435 438 448 452 457 459 463 464 467 469 472 477 486 488 489 491 492 498 500 502 505 532 533 538 0 0 0 0 0 0 0 0 0 0 0 0 0 0
9 10 19 23 24 26 27 29 30 37 39 45 46 48 54 58 59 60 66 67 71 76 83 86 87 89 90 97 99 102 104 106 110 116 118 129 143 149 155 157 171 186 187 189 191 192 193 194 198 208 209 210 215 218 219 222 227 232 237 238 247 249 251 254 256 258 260 262 264 269 271 280 288 289 291 292 296 299 306 314 317 320 326 330 334 337 344 350 355 357 363 364 373 375 377 379 380 382 383 387 394 396 401 406 408 418 420 421 429 432 434 435 438 439 443 446 463 466 469 470 474 482 484 485 492 505 516 518 522 525 527 535 0 0 0 0
6 7 18 22 24 25 28 31 32 40 42 45 53 57 60 61 69 70 72 79 81 84 87 92 93 106 110 111 119 120 129 136 138 139 144 147 148 150 153 161 166 167 169 175 177 181 186 192 193 197 199 202 204 206 217 219 220 222 225 227 230 234 240 256 262 266 267 277 287 289 290 293 294 295 299 300 307 309 315 316 321 322 323 329 340 346 348 351 353 354 355 361 370 379 382 385 391 393 396 398 400 404 418 419 424 426 428 431 432 446 456 461 465 478 485 492 493 500 502 504 510 515 518 519 521 522 531 533 538 539 0 0 0 0 0 0
3 4 14 22 23 26 27 33 35 36 40 49 56 58 62 63 70 73 75 87 88 95 97 102 104 107 108 109 110 112 117 126 127 138 140 147 148 149 152 155 158 163 167 168 169 172 177 178 184 197 200 202 203 214 216 218 220 240 249 250 254 257 263 273 284 285 288 291 292 293 294 301 303 310 311 312 321 327 334 335 339 343 353 354 357 359 363 365 372 385 386 389 393 404 413 415 428 432 433 439 442 443 445 452 455 458 460 461 470 474 480 482 486 488 490 491 492 496 504 506 509 513 514 516 519 528 535 0 0 0 0 0 0 0 0 0
1 11 20 24 25 27 28 30 33 39 46 47 50 55 64 71 77 79 83 85 86 87 89 94 108 109 111 115 116 119 121 127 130 133 135 152 154 158 159 160 162 166 168 184 193 198 210 211 216 220 221 229 230 234 237 239 245 248 249 250 261 266 272 281 282 289 290 292 296 297 304 305 310 320 325 328 336 337 338 340 342 344 348 359 360 365 367 372 381 382 384 387 398 399 400 408 410 414 415 417 423 424 426 429 432 434 442 445 447 449 454 456 458 464 466 475 477 490 491 493 499 514 519 520 529 531 536 539 0 0 0 0 0 0 0 0
8 16 21 22 23 25 26 32 37 41 47 48 51 57 59 61 64 67 73 76 85 86 88 91 93 95 98 115 118 121 122 135 146 148 151 153 162 164 168 172 173 178 181 183 189 191 193 194 203 213 214 217 219 220 224 225 229 232 239 241 243 244 258 263 268 278 279 288 290 291 293 298 300 304 309 314 323 324 329 330 338 341 342 347 354 356 358 361 370 377 380 382 383 384 389 392 399 401 405 410 412 413 414 419 420 427 433 454 458 459 467 472 476 478 480 483 499 506 508 509 513 515 517 518 519 521 527 0 0 0 0 0 0 0 0 0
6 11 17 25 27 34 40 42 43 44 46 51 52 55 60 67 69 71 74 79 80 81 82 83 91 93 96 103 104 105 106 108 116 119 121 124 136 138 154 158 159 167 174 179 183 188 196 197 200 205 206 219 222 225 226 239 242 243 245 255 256 259 260 261 262 264 269 273 279 292 293 297 301 302 304 306 316 318 324 327 332 339 342 344 349 350 353 363 365 373 386 389 393 402 405 410 412 415 418 419 422 434 435 436 445 449 450 453 455 463 467 469 471 472 476 479 482 483 484 486 495 501 503 517 518 521 524 525 0 0 0 0 0 0 0 0
3 8 13 23 25 29 33 35 37 38 39 44 48 52 53 56 57 68 70 74 78 85 93 95 98 102 118 121 122 125 128 136 143 151 152 154 156 167 169 170 182 183 185 187 189 196 197 201 202 204 206 209 214 215 217 229 230 233 235 247 248 249 253 254 272 276 287 290 292 295 296 298 299 313 318 321 322 325 328 330 332 333 335 337 344 348 360 365 367 373 376 384 385 386 388 395 409 410 411 418 421 423 425 429 440 441 442 443 444 457 460 476 478 481 485 490 500 507 511 518 521 522 524 525 531 532 533 534 538 0 0 0 0 0 0 0
5 10 20 23 28 30 31 32 36 38 42 44 46 49 52 54 60 64 65 77 80 92 98 99 102 106 113 115 118 124 139 141 142 144 152 155 157 158 163 173 174 176 178 180 191 192 193 195 209 211 212 216 224 229 236 248 249 250 253 254 256 259 261 262 266 268 275 284 288 290 294 306 310 311 314 316 318 319 320 323 327 329 331 333 347 350 356 359 360 366 371 374 375 377 385 390 391 392 393 399 400 403 417 428 439 442 450 451 460 461 463 469 470 471 474 478 480 483 498 500 503 515 523 528 530 538 0 0 0 0 0 0 0 0 0 0
2 7 16 26 28 35 38 39 44 45 47 51 61 62 63 65 70 75 80 81 90 91 92 96 104 105 107 115 119 120 121 123 125 131 132 133 134 147 148 150 162 172 173 182 191 193 195 197 201 202 203 211 213 215 227 235 245 252 256 258 266 271 281 286 288 299 304 307 308 309 312 317 319 322 333 335 337 339 342 349 351 359 362 363 364 365 368 379 380 382 398 399 407 411 415 417 418 423 424 425 426 438 439 444 455 463 464 468 474 483 484 485 489 497 498 501 507 508 509 512 514 517 523 528 529 532 537 0 0 0 0 0 0 0 0 0
4 15 19 24 26 30 32 36 37 38 40 41 43 50 59 65 68 71 74 75 78 83 91 95 97 98 100 101 108 109 112 130 131 137 141 148 150 151 152 157 158 159 160 172 177 180 189 197 199 205 210 215 216 222 227 230 231 233 236 238 242 243 247 252 258 260 262 265 267 278 283 291 294 298 300 301 302 303 305 308 311 319 320 323 325 333 338 342 345 346 348 353 354 369 371 380 382 384 385 389 390 392 393 396 398 403 418 420 422 426 428 435 437 438 440 443 448 449 451 453 454 457 464 467 469 473 476 481 486 494 506 508 513 532 533 537
1 12 18 22 24 31 33 34 43 47 54 55 57 61 63 65 67 69 74 77 79 80 82 85 86 89 103 109 112 113 115 120 121 122 123 127 130 134 144 152 156 160 162 169 176 177 178 179 185 186 187 188 192 199 202 204 207 209 210 212 217 226 238 241 244 262 265 274 280 285 289 291 296 297 302 308 309 312 314 319 321 324 331 332 354 356 359 362 364 365 367 368 377 385 388 396 400 402 406 407 409 412 420 421 429 436 447 448 466 469 470 473 476 479 480 482 483 488 490 491 495 497 504 506 513 514 522 526 530 536 0 0 0 0 0 0
9 14 21 22 27 29 41 43 45 48 49 50 52 53 56 59 62 64 86 89 90 91 97 98 99 100 101 107 115 116 127 128 132 133 137 138 139 142 143 147 155 158 163 170 186 200 202 203 207 209 213 214 215 219 224 225 231 239 241 244 250 255 256 264 270 277 282 289 293 295 300 302 303 305 307 308 310 313 317 318 328 329 330 332 338 342 345 346 347 351 359 366 369 374 375 376 379 391 393 395 405 406 419 424 434 437 441 445 447 454 461 463 466 468 472 488 489 491 494 504 509 511 512 515 526 529 531 532 534 536 0 0 0 0 0 0
3 10 18 26 27 32 33 35 38 39 46 52 53 54 61 62 69 71 72 74 76 78 82 88 106 114 115 117 118 123 126 128 139 155 157 160 166 170 171 177 179 180 184 186 191 198 199 204 207 214 220 230 236 237 244 257 265 270 279 286 290 291 297 302 303 304 312 314 316 317 318 322 325 326 328 330 336 345 346 347 355 359 361 362 366 375 376 378 401 406 410 412 413 416 418 419 422 425 426 437 449 458 467 471 474 477 484 488 494 497 498 499 503 505 507 508 520 521 523 527 528 529 537 0 0 0 0 0 0 0 0 0 0 0 0 0
7 14 20 24 25 30 32 39 44 45 56 57 58 63 64 65 71 73 84 91 92 94 96 100 104 110 119 120 123 124 127 128 129 134 135 137 138 149 150 153 155 168 178 181 198 200 203 207 209 211 212 216 221 223 227 229 237 244 248 255 259 261 264 269 276 283 288 289 295 297 298 305 307 311 314 315 316 330 332 335 341 342 343 344 345 349 350 352 357 376 378 381 385 386 387 388 390 401 402 414 421 423 425 426 431 434 436 437 438 444 446 448 451 459 460 464 465 467 473 479 482 484 492 507 510 513 527 533 537 0 0 0 0 0 0 0
4 11 16 22 23 32 36 38 39 40 46 49 50 51 55 57 61 63 74 75 76 78 82 87 95 97 100 101 103 111 112 116 117 119 133 137 140 153 154 159 162 164 165 173 177 181 182 191 196 201 203 206 216 218 223 230 235 239 240 255 256 257 258 259 264 275 280 287 293 301 307 316 318 320 321 322 326 327 330 331 333 334 335 350 352 358 359 360 361 362 366 375 383 390 391 392 395 396 397 402 403 404 406 407 417 420 421 432 443 451 452 465 466 470 473 476 477 478 479 481 485 487 493 498 510 511 513 516 521 526 531 533 534 536 0 0
1 8 15 27 28 32 33 43 48 49 50 63 65 67 68 73 77 79 82 88 89 93 94 95 103 117 118 122 127 131 140 141 146 150 157 159 162 165 166 178 180 182 183 184 194 196 197 198 199 201 205 206 209 210 212 220 226 228 229 243 246 251 253 254 271 277 284 291 292 295 296 300 301 309 310 311 315 316 317 319 320 335 337 340 342 343 345 349 355 362 363 364 368 369 372 380 387 391 400 407 408 419 424 428 430 433 438 442 450 452 456 460 470 471 472 485 487 503 504 505 511 519 526 527 528 530 534 536 0 0 0 0 0 0 0 0
5 12 21 25 26 36 37 42 50 53 54 55 59 63 64 66 67 76 77 92 94 99 112 120 122 123 133 134 135 141 152 153 156 168 170 171 173 174 187 188 190 195 213 214 221 225 232 238 239 246 253 254 256 257 259 266 267 273 281 289 290 296 303 304 308 309 320 323 327 329 333 334 335 345 346 348 357 361 363 369 370 386 387 389 396 399 408 411 413 417 423 424 425 428 430 431 443 444 445 446 450 458 463 464 465 468 471 472 476 477 479 481 492 494 495 499 509 514 520 524 525 0 0 0 0 0 0 0 0 0 0 0 0 0 0 0
2 9 17 23 24 31 35 37 43 45 48 50 51 52 53 67 69 72 75 76 81 84 89 97 99 100 101 110 115 116 117 123 124 125 129 131 139 143 145 149 164 174 175 183 186 188 190 195 197 198 200 201 205 211 213 231 232 243 252 259 260 261 266 272 278 285 288 293 297 298 300 302 303 309 312 319 320 321 328 329 336 337 339 340 343 344 348 360 361 367 370 371 380 381 389 390 392 400 403 404 410 411 414 418 420 422 425 432 436 441 442 449 454 459 462 479 480 482 488 493 495 496 504 508 514 516 524 525 527 530 534 538 0 0 0 0
6 13 19 22 28 30 31 39 40 42 44 53 56 58 59 62 66 67 68 79 81 82 87 91 93 94 96 100 104 106 111 114 125 126 138 143 145 146 152 153 154 156 160 175 179 187 194 201 204 210 218 225 226 227 228 231 235 236 238 240 248 251 252 257 258 260 265 268 274 282 292 297 303 305 308 309 310 323 325 330 331 332 339 341 343 347 358 362 364 367 368 371 372 383 385 387 388 390 395 397 399 412 416 433 434 441 445 448 454 456 462 463 465 466 468 471 474 477 478 480 496 497 509 519 523 529 531 534 538 0 0 0 0 0 0 0
1 2 3 4 5 6 7 8 9 10 11 12 13 14 15 16 17 18 19 20 21 267 268 269 270 271 272 273 274 275 276 277 278 279 280 281 282 283 284 285 286 287 0 0 0 0 0 0 0 0 0 0 0 0 0 0 0 0 0 0 0 0 0 0 0 0 0 0 0 0 0 0 0 0 0 0 0 0 0 0 0 0 0 0 0 0 0 0 0 0 0 0 0 0 0 0 0 0 0 0 0 0 0 0 0 0 0 0 0 0 0 0 0 0 0 0 0 0 0 0 0 0 0 0 0 0 0 0 0 0 0 0 0 0 0 0
7 14 20 23 34 41 46 50 0 0 0 0
7 13 17 24 30 39 48 50 0 0 0 0
7 12 21 25 33 37 43 50 0 0 0 0
6 13 19 22 33 40 45 50 0 0 0 0
6 12 16 23 29 38 47 50 0 0 0 0
6 11 20 24 32 36 49 50 0 0 0 0
5 12 18 28 32 39 44 50 0 0 0 0
5 11 15 22 35 37 46 50 0 0 0 0
5 10 19 23 31 42 48 50 0 0 0 0
4 11 17 27 31 38 43 50 0 0 0 0
4 10 21 28 34 36 45 50 0 0 0 0
4 9 18 22 30 41 47 50 0 0 0 0
3 10 16 26 30 37 49 50 0 0 0 0
3 9 20 27 33 42 44 50 0 0 0 0
3 8 17 28 29 40 46 50 0 0 0 0
2 14 16 27 35 39 45 50 0 0 0 0
2 9 15 25 29 36 48 50 0 0 0 0
2 8 19 26 32 41 43 50 0 0 0 0
1 14 18 25 31 40 49 50 0 0 0 0
1 13 15 26 34 38 44 50 0 0 0 0
1 8 21 24 35 42 47 50 0 0 0 0
18 21 26 27 30 32 33 35 41 42 45 49
17 21 22 23 29 31 33 35 37 38 45 48
17 20 25 26 29 31 32 34 40 41 44 48
16 20 22 28 30 32 34 35 36 37 44 47
16 19 24 25 30 31 33 35 39 40 43 47
15 19 27 28 29 31 33 34 36 42 43 46
15 18 23 24 29 30 32 34 38 39 46 49
13 14 15 20 22 23 26 27 30 31 37 42
13 14 15 18 25 26 31 34 38 40 44 49
13 14 15 17 18 20 29 32 38 41 48 49
12 14 22 26 32 35 38 40 43 44 45 46
12 14 20 21 23 25 33 34 37 41 43 46
12 13 19 21 22 25 26 28 29 30 36 41
12 13 17 21 24 25 30 33 37 39 43 48
12 13 16 19 22 23 29 33 38 40 45 47
12 13 16 17 19 21 31 35 37 40 47 48
11 14 15 18 26 28 37 38 39 40 43 45
11 13 25 28 31 34 37 39 43 44 45 49
11 13 19 20 22 24 32 33 36 40 45 49
11 12 18 20 24 25 27 28 29 35 40 42
11 12 16 20 23 24 29 32 36 38 47 49
10 14 18 21 22 24 36 40 41 42 46 48
10 13 17 21 25 27 36 37 38 39 44 49
10 12 18 19 23 28 31 32 39 42 44 48
10 11 17 21 27 28 31 34 36 38 43 45
10 11 17 19 23 24 26 27 34 35 39 41
10 11 15 19 22 23 31 35 37 42 46 48
10 11 15 17 19 21 29 33 38 42 45 46
9 14 24 28 30 34 40 42 45 46 47 48
9 14 15 16 25 27 29 35 36 39 45 48
9 12 16 20 24 26 36 37 38 42 43 48
9 11 23 26 29 32 37 42 43 47 48 49
9 11 17 18 22 27 30 31 38 41 43 47
9 10 18 21 22 28 30 34 36 41 45 47
9 10 16 20 26 27 30 33 37 42 44 49
9 10 16 18 20 21 32 35 37 41 44 45
9 10 13 14 15 16 22 23 31 33 44 49
8 14 18 21 24 25 31 35 40 42 47 49
8 14 16 21 23 24 27 28 31 32 36 38
8 14 16 19 26 27 32 35 39 41 43 45
8 14 16 18 19 21 30 33 39 42 43 49
8 13 23 27 29 33 39 41 44 45 46 47
8 13 15 21 24 26 34 35 38 42 44 47
8 12 16 19 22 27 38 39 40 41 44 46
8 11 12 14 20 21 27 28 29 31 47 49
8 10 22 25 31 35 36 41 46 47 48 49
8 10 16 17 26 28 29 30 37 40 46 49
8 9 15 19 25 26 29 32 36 41 43 48
8 9 15 17 22 24 25 28 32 33 37 39
8 9 15 17 19 20 31 34 36 40 43 44
8 9 12 13 15 21 22 28 30 32 43 48
8 9 11 12 17 18 24 25 33 35 44 46
6 7 26 28 29 30 36 37 40 41 43 45
6 7 17 19 22 24 30 33 39 40 45 48
6 7 16 17 22 25 31 35 43 45 47 48
6 7 12 14 16 20 29 34 38 41 46 47
6 7 12 13 19 21 22 25 37 40 43 45
6 7 11 14 23 24 32 34 36 41 46 49
6 7 11 14 15 18 29 30 36 38 39 41
6 7 11 13 17 20 30 32 36 39 48 49
6 7 8 10 16 17 36 41 43 45 46 49
5 7 18 19 20 21 22 24 31 34 36 40
5 7 12 13 17 18 24 28 30 32 44 48
5 7 11 14 15 20 22 23 34 35 37 41
5 7 11 13 26 27 30 31 34 35 41 42
5 7 11 13 18 21 31 32 33 34 45 49
5 7 11 12 15 21 22 25 33 35 43 46
5 7 10 14 19 20 31 34 41 42 46 48
5 7 10 13 17 19 23 24 30 31 39 42
5 6 25 27 29 35 36 39 40 42 44 49
5 6 16 18 23 28 29 32 38 39 44 47
5 6 15 20 22 24 32 35 36 37 46 49
5 6 15 16 24 28 30 34 44 46 47 49
5 6 11 13 15 19 33 35 37 40 45 46
5 6 11 12 18 20 24 28 36 39 44 49
5 6 10 13 22 23 31 33 40 42 45 48
5 6 10 13 17 21 29 35 37 38 40 42
5 6 10 12 16 19 29 31 38 42 47 48
5 6 9 14 15 16 40 42 44 45 48 49
4 7 18 20 22 23 24 28 40 42 45 48
4 7 11 12 17 21 25 27 31 33 37 38
4 7 10 14 20 21 23 28 36 41 45 46
4 7 10 11 12 13 31 33 36 39 44 49
4 7 9 11 12 14 15 16 22 23 36 39
4 6 17 20 24 27 31 32 36 38 43 49
4 6 17 18 19 20 23 28 30 33 39 42
4 6 10 13 19 21 22 28 33 34 36 40
4 6 10 12 25 26 29 30 33 34 40 41
4 6 10 12 17 20 30 31 32 33 44 48
4 6 10 11 20 21 24 28 32 34 45 49
4 6 9 13 18 19 30 33 40 41 45 47
4 6 9 12 16 18 22 23 29 30 38 41
4 6 8 14 16 17 20 21 23 28 43 49
4 5 24 26 34 35 38 39 41 42 43 48
4 5 19 21 23 28 31 34 36 42 45 48
4 5 15 21 23 27 29 33 43 45 46 48
4 5 15 17 22 27 31 35 37 38 43 46
4 5 10 12 18 21 32 34 36 39 44 45
4 5 9 12 22 28 30 32 39 41 44 47
4 5 9 12 16 20 34 35 36 37 39 41
4 5 9 11 15 18 30 35 37 41 46 47
4 5 8 13 15 21 39 41 43 44 47 48
3 7 16 21 24 25 26 27 36 38 44 48
3 7 10 13 16 17 24 26 37 39 48 49
3 7 10 12 16 21 25 26 30 33 43 49
3 7 9 14 23 27 33 34 41 42 44 46
3 7 9 12 20 21 25 27 37 42 43 44
3 7 8 14 23 25 26 28 31 32 44 48
3 7 8 14 17 20 23 28 29 34 40 41
3 7 8 13 24 28 29 30 39 40 46 48
3 7 8 10 12 14 18 19 25 26 39 42
3 7 8 9 13 14 29 34 39 42 45 47
3 6 17 19 22 23 27 28 39 41 44 47
3 6 10 11 22 24 26 28 34 35 44 47
3 6 10 11 16 20 24 26 30 32 36 37
3 6 9 13 19 20 22 27 40 42 44 45
3 6 9 11 24 27 32 33 36 42 44 49
3 6 9 10 11 12 30 32 38 42 43 48
3 6 8 13 17 19 22 28 29 33 45 46
3 6 8 12 16 17 23 28 38 40 46 47
3 6 8 10 11 13 15 21 22 28 38 42
3 5 16 19 23 26 30 31 37 42 48 49
3 5 16 17 18 19 22 27 29 32 38 41
3 5 13 14 15 16 19 20 22 27 48 49
3 5 10 11 15 16 22 26 30 35 46 49
3 5 9 12 18 20 27 28 32 33 39 42
3 5 9 11 24 25 29 32 33 35 39 40
3 5 9 10 19 20 23 27 31 33 44 48
3 5 8 12 17 18 29 32 39 40 44 46
3 5 8 11 15 17 22 28 29 35 37 40
3 4 23 25 33 34 37 38 40 41 47 49
3 4 20 21 22 26 32 35 44 45 47 49
3 4 16 21 26 28 30 34 36 37 45 49
3 4 9 11 17 20 31 33 38 42 43 44
3 4 9 10 16 18 22 26 37 41 47 49
3 4 8 11 27 28 29 31 38 40 43 46
3 4 8 11 15 19 33 34 36 38 40 42
3 4 8 10 17 21 29 34 36 40 45 46
3 4 6 7 16 21 29 34 40 41 43 49
3 4 5 6 9 12 17 19 23 27 30 32
2 7 16 20 23 27 34 35 39 41 45 46
2 7 15 16 20 21 24 26 29 33 38 42
2 7 13 14 16 17 24 27 30 35 45 48
2 7 10 11 16 17 19 20 24 26 45 46
2 7 8 14 19 20 23 26 32 34 43 46
2 7 8 13 22 28 29 30 32 33 36 37
2 7 8 13 16 20 29 33 34 35 44 47
2 7 8 12 19 21 25 26 32 33 37 41
2 6 15 20 23 24 25 26 37 42 43 47
2 6 13 14 22 24 25 27 30 31 43 47
2 6 13 14 16 19 22 27 33 35 39 40
2 6 12 14 23 27 29 35 38 39 45 47
2 6 9 12 15 16 23 25 36 38 47 48
2 6 9 11 15 20 24 25 29 32 48 49
2 6 9 11 13 14 17 18 24 25 38 41
2 6 8 13 22 26 32 33 40 41 43 45
2 6 8 12 13 14 33 35 38 41 44 46
2 6 8 11 19 20 24 26 36 41 43 49
2 5 16 18 22 26 27 28 38 40 43 46
2 5 12 14 16 18 27 28 32 35 44 45
2 5 11 14 15 16 22 27 37 39 45 46
2 5 9 11 22 25 29 35 36 37 46 48
2 5 9 10 23 25 27 28 33 34 43 46
2 5 9 10 12 14 20 21 27 28 37 41
2 5 8 10 23 26 31 32 41 42 43 48
2 5 8 9 10 11 29 31 37 41 47 49
2 4 15 18 22 25 29 30 36 41 47 48
2 4 15 16 17 18 26 28 31 35 37 40
2 4 12 13 15 18 19 21 26 28 47 48
2 4 11 14 16 17 31 35 38 39 43 45
2 4 8 11 17 19 26 27 31 32 38 41
2 4 8 10 23 24 31 32 34 35 38 39
2 4 8 10 15 18 29 30 31 35 46 49
2 4 6 7 11 14 22 25 38 39 47 48
2 4 5 7 9 12 23 27 36 37 45 46
2 3 22 24 32 33 36 37 39 40 46 48
2 3 19 20 25 28 31 34 43 44 46 48
2 3 17 19 26 28 29 32 40 41 43 46
2 3 15 20 25 27 29 33 36 42 44 48
2 3 11 13 19 20 37 39 45 46 48 49
2 3 10 14 18 21 32 33 37 39 41 42
2 3 9 14 16 20 33 35 39 42 44 45
2 3 8 10 16 19 30 32 37 41 43 49
2 3 8 9 15 17 25 28 36 40 46 48
2 3 6 7 17 19 30 32 36 37 45 46
2 3 5 7 10 14 25 28 41 42 43 44
2 3 4 5 8 11 16 18 22 26 29 31
1 7 22 27 30 31 37 38 41 42 44 46
1 7 18 20 23 25 31 34 40 41 46 49
1 7 15 17 24 26 30 34 38 39 44 48
1 7 13 14 15 20 23 26 38 41 44 46
1 7 8 13 17 21 30 35 39 42 47 48
1 7 8 12 24 25 33 35 37 42 43 47
1 7 8 12 16 19 30 31 37 39 40 42
1 6 15 19 22 26 33 34 38 40 44 45
1 6 15 19 20 21 23 25 32 35 37 41
1 6 13 14 18 19 22 25 31 33 45 49
1 6 12 14 27 28 29 31 32 35 36 42
1 6 12 14 15 19 32 33 34 35 43 46
1 6 12 13 15 16 23 26 29 34 44 47
1 6 11 14 18 20 24 25 31 32 36 40
1 6 9 10 15 16 18 19 23 25 44 45
1 6 8 12 16 21 23 24 29 35 38 42
1 6 8 11 20 21 32 35 36 42 47 49
1 5 19 21 22 23 24 25 36 41 46 49
1 5 12 14 25 28 31 32 39 40 44 49
1 5 12 13 23 24 26 28 29 30 46 49
1 5 11 13 22 26 34 35 37 38 44 46
1 5 11 12 13 14 32 34 37 40 43 45
1 5 10 14 18 19 23 25 40 42 48 49
1 5 8 10 19 21 23 24 31 35 47 48
1 5 8 10 12 13 16 17 23 24 37 40
1 5 6 7 11 14 19 21 22 25 32 34
1 4 15 17 25 26 27 28 37 39 45 49
1 4 11 14 17 18 25 27 38 40 43 49
1 4 11 13 15 17 26 27 31 34 43 44
1 4 9 14 22 25 30 31 40 41 47 49
1 4 8 10 24 28 34 35 36 42 45 47
1 4 8 9 22 24 26 27 32 33 45 49
1 4 8 9 18 21 22 24 30 35 41 42
1 4 8 9 11 13 19 20 26 27 36 40
1 4 8 9 10 14 30 35 36 40 46 48
1 4 5 7 15 17 30 35 41 42 43 44
1 3 15 16 17 21 25 27 30 34 36 39
1 3 11 12 17 18 20 21 25 27 46 47
1 3 10 14 16 18 25 26 30 31 37 40
1 3 10 13 15 16 30 34 37 38 44 49
1 3 9 14 22 23 30 31 33 34 37 38
1 3 9 13 15 20 26 27 33 34 38 42
1 3 8 14 17 18 25 28 29 31 46 49
1 3 5 7 8 12 23 26 39 40 48 49
1 3 5 6 10 13 24 28 37 38 46 47
1 3 4 7 18 20 31 33 37 38 46 47
1 3 4 6 8 11 22 26 36 42 44 45
1 2 23 28 31 32 36 38 39 42 45 47
1 2 18 19 24 27 30 33 43 45 47 49
1 2 16 18 25 27 31 35 39 40 45 49
1 2 10 12 18 19 36 38 44 45 47 48
1 2 9 14 15 18 29 31 36 40 48 49
1 2 9 13 25 26 29 34 36 38 44 48
1 2 9 13 17 20 31 32 36 38 40 41
1 2 6 7 8 12 15 20 23 26 33 35
1 2 5 6 16 18 29 31 36 42 44 45
1 2 4 6 9 13 24 27 40 41 43 49
1 2 4 5 19 21 32 34 38 39 47 48
7 10 15 27 32 40 47 50 0 0 0 0
7 9 19 28 35 38 49 50 0 0 0 0
7 8 16 22 31 36 44 50 0 0 0 0
6 14 15 28 30 42 43 50 0 0 0 0
6 9 21 26 31 39 46 50 0 0 0 0
6 8 18 27 34 37 48 50 0 0 0 0
5 14 17 26 33 36 47 50 0 0 0 0
5 13 21 27 29 41 49 50 0 0 0 0
5 8 20 25 30 38 45 50 0 0 0 0
4 14 19 24 29 37 44 50 0 0 0 0
4 13 16 25 32 42 46 50 0 0 0 0
4 12 20 26 35 40 48 50 0 0 0 0
3 13 18 23 35 36 43 50 0 0 0 0
3 12 15 24 31 41 45 50 0 0 0 0
3 11 19 25 34 39 47 50 0 0 0 0
2 12 17 22 34 42 49 50 0 0 0 0
2 11 21 23 30 40 44 50 0 0 0 0
2 10 18 24 33 38 46 50 0 0 0 0
1 11 16 28 33 41 48 50 0 0 0 0
1 10 20 22 29 39 43 50 0 0 0 0
1 9 17 23 32 37 45 50 0 0 0 0
18 21 22 28 29 31 33 35 38 39 44 48
17 21 24 25 29 31 32 34 41 42 44 47
17 20 27 28 30 32 34 35 37 38 43 47
16 20 23 24 30 31 33 35 40 41 43 46
16 19 26 27 29 31 33 34 36 37 46 49
15 18 25 26 30 32 33 35 36 42 45 48
13 14 19 21 23 24 27 28 32 33 38 40
13 14 16 19 24 25 29 32 37 42 44 46
13 14 16 17 19 21 31 34 37 41 46 47
12 14 23 27 30 34 36 41 43 44 48 49
12 14 19 20 24 26 29 35 37 40 44 48
12 13 18 20 22 23 26 27 31 32 37 39
12 13 16 20 25 26 32 35 40 42 46 48
12 13 15 16 18 20 30 33 36 40 45 46
11 14 17 21 22 27 36 40 41 42 43 48
11 13 22 26 29 33 40 42 43 47 48 49
11 13 18 19 23 25 34 35 36 39 43 47
11 12 17 21 22 23 30 34 40 42 44 49
11 12 17 19 22 25 26 28 30 31 36 38
11 12 15 17 19 21 29 32 39 42 44 45
10 13 16 20 26 28 39 40 41 42 47 49
10 12 25 28 32 35 39 41 46 47 48 49
10 12 17 18 22 24 33 34 38 42 46 49
10 11 18 21 23 24 30 33 38 40 44 46
10 11 16 20 22 28 29 33 39 41 43 48
10 11 16 18 24 25 27 28 29 30 37 42
10 11 16 18 20 21 31 35 38 41 43 44
10 11 13 14 18 19 27 28 30 32 44 46
9 14 22 25 29 32 36 38 43 44 45 46
9 14 15 21 26 28 30 31 39 42 43 46
9 13 16 19 22 24 36 37 38 42 43 45
9 12 15 19 25 27 38 39 40 41 46 48
9 11 24 27 31 34 38 40 45 46 47 48
9 11 16 17 23 28 32 33 37 41 45 48
9 10 17 20 22 23 29 32 37 39 43 45
9 10 15 19 27 28 32 35 38 40 47 49
9 10 15 17 23 24 26 27 29 35 36 41
9 10 15 17 19 20 30 34 37 40 43 49
9 10 12 13 17 18 26 27 29 31 43 45
8 14 17 20 25 26 30 33 36 38 45 47
8 14 15 18 27 28 30 34 37 42 43 48
8 14 15 17 18 20 32 35 38 42 47 48
8 13 24 28 31 35 37 42 43 44 45 49
8 13 20 21 25 27 29 30 38 41 45 49
8 12 15 18 23 28 36 37 41 42 44 49
8 11 18 21 24 26 37 38 39 40 45 47
8 11 12 14 19 20 22 28 31 33 45 47
8 10 23 26 30 33 37 39 44 45 46 47
8 10 11 14 15 16 24 25 29 34 43 48
8 9 18 21 26 27 31 34 37 39 46 48
8 9 16 21 22 23 25 26 34 35 40 42
8 9 16 18 19 21 29 33 36 39 48 49
8 9 12 13 20 21 22 23 32 34 46 48
8 9 11 12 16 17 25 26 30 35 44 49
6 7 23 25 34 35 36 39 40 42 44 46
6 7 18 19 22 26 29 33 44 46 48 49
6 7 16 18 22 27 31 34 36 37 44 48
6 7 11 13 18 19 40 42 43 44 46 47
6 7 10 14 27 28 30 32 40 42 43 47
6 7 9 14 15 19 30 35 38 42 43 49
6 7 8 10 15 18 32 34 37 40 47 48
6 7 8 9 16 21 22 26 36 39 44 46
5 7 16 20 22 25 30 31 36 38 44 45
5 7 15 16 20 21 26 28 29 32 39 42
5 7 11 12 16 17 19 20 26 28 44 45
5 7 10 14 15 17 26 27 32 33 36 40
5 7 9 14 23 24 29 32 33 35 40 41
5 7 9 14 16 20 29 30 31 32 43 46
5 7 9 13 19 21 27 28 29 35 38 41
5 7 8 14 16 17 22 26 31 33 44 47
5 7 8 9 19 20 25 28 30 35 45 49
5 6 22 24 33 34 38 39 41 42 43 45
5 6 18 20 25 27 30 34 37 38 45 48
5 6 17 18 25 28 32 35 43 45 47 48
5 6 10 12 17 18 39 41 43 45 46 49
5 6 9 14 17 21 31 33 36 39 46 47
5 6 9 13 26 27 29 31 39 41 46 49
5 6 9 13 16 19 33 34 36 37 39 41
5 6 8 14 15 20 25 28 38 42 43 45
5 6 8 13 18 21 29 34 37 41 48 49
4 7 15 20 25 26 27 28 39 41 46 49
4 7 10 13 15 16 25 27 40 42 46 47
4 7 10 12 15 20 26 27 32 35 47 48
4 7 9 12 19 20 26 28 38 40 48 49
4 7 8 14 22 24 26 27 33 34 46 49
4 7 8 14 16 19 22 24 29 31 36 37
4 7 8 10 12 14 17 18 26 27 38 42
4 7 8 9 13 14 29 31 38 42 43 45
4 6 15 19 24 28 29 30 37 42 43 44
4 6 15 19 20 21 25 27 31 35 38 41
4 6 10 11 15 16 18 19 25 27 43 44
4 6 9 13 16 21 25 26 31 32 39 42
4 6 9 12 20 21 31 35 39 40 46 48
4 6 8 14 18 19 24 27 29 34 44 48
4 6 8 13 22 23 31 32 34 35 39 40
4 6 8 13 15 19 29 30 31 35 45 49
4 6 8 12 18 20 26 27 34 35 37 40
4 5 23 28 32 33 37 38 40 41 44 49
4 5 17 19 24 26 29 33 36 37 44 47
4 5 16 17 24 27 31 34 44 46 47 49
4 5 13 14 19 21 24 27 37 41 44 49
4 5 12 14 17 20 33 35 36 40 47 48
4 5 9 11 16 17 38 40 44 45 48 49
4 5 8 13 16 20 30 32 38 42 45 46
4 5 8 12 25 26 30 35 38 40 45 48
4 5 8 12 15 18 32 33 36 38 40 42
4 5 6 7 9 13 15 20 25 28 29 31
3 7 16 18 22 23 24 28 37 42 45 49
3 7 10 12 24 27 31 32 40 41 45 47
3 7 10 11 22 23 25 27 29 30 45 49
3 7 10 11 15 19 25 27 32 34 39 40
3 7 9 11 25 28 34 35 38 39 47 49
3 7 9 10 11 12 32 34 38 41 46 48
3 7 8 13 16 18 22 23 31 35 43 44
3 7 8 12 15 16 22 24 36 41 44 45
3 6 19 21 24 25 26 27 38 40 45 48
3 6 13 14 23 25 26 28 32 33 45 48
3 6 13 14 15 18 23 28 30 35 36 42
3 6 12 14 24 28 30 31 41 42 43 45
3 6 9 12 15 21 24 26 39 41 45 46
3 6 9 11 19 21 25 26 31 34 46 47
3 6 9 11 13 14 16 17 25 26 37 41
3 6 8 13 23 27 34 35 36 37 43 48
3 6 8 11 18 19 25 27 37 39 47 48
3 5 18 21 23 27 29 35 36 41 43 49
3 5 13 14 17 18 23 26 33 35 43 47
3 5 12 14 18 21 29 30 34 35 44 48
3 5 11 14 17 19 25 26 33 34 36 39
3 5 9 10 15 17 18 21 24 26 43 49
3 5 8 11 19 20 30 34 38 39 45 47
3 4 22 27 31 32 36 37 39 40 43 48
3 4 16 18 23 25 32 35 36 42 43 46
3 4 15 20 24 26 31 35 40 41 45 48
3 4 12 14 15 19 29 31 37 41 44 45
3 4 12 13 18 20 23 26 36 40 43 48
3 4 11 14 24 25 29 34 37 39 44 47
3 4 11 13 16 19 32 34 39 42 46 47
3 4 8 10 15 16 37 39 43 44 47 48
3 4 6 7 16 18 32 34 39 40 43 44
3 4 5 6 8 12 19 21 24 27 30 35
2 7 15 18 24 27 32 33 38 40 46 47
2 7 15 16 17 18 23 28 31 34 37 41
2 7 13 14 15 18 19 21 23 28 46 47
2 7 10 11 15 21 23 27 30 32 44 47
2 7 9 11 15 18 31 32 33 34 45 48
2 7 9 10 18 19 24 28 33 35 46 49
2 7 8 12 16 17 31 34 36 42 44 49
2 7 8 11 16 21 22 23 30 31 36 40
2 6 15 17 22 23 27 28 36 41 44 48
2 6 11 14 15 21 23 28 40 42 43 44
2 6 9 11 23 26 30 31 39 40 44 46
2 6 9 10 18 21 24 26 31 33 38 39
2 6 9 10 12 14 19 20 22 28 37 40
2 6 8 12 17 18 22 27 37 42 48 49
2 6 8 10 24 27 33 34 37 38 46 48
2 6 8 9 10 11 31 33 37 40 45 47
2 5 18 20 23 24 25 26 37 39 44 47
2 5 12 14 22 26 33 34 36 42 47 49
2 5 12 13 22 24 25 27 31 32 44 47
2 5 12 13 17 21 22 27 29 34 41 42
2 5 11 13 23 27 29 30 40 41 44 49
2 5 11 12 13 14 29 34 36 40 43 48
2 5 10 14 17 18 24 26 36 38 46 47
2 5 8 11 20 21 23 25 38 40 44 45
2 5 8 10 18 20 24 25 30 33 45 46
2 5 8 10 12 13 15 16 24 25 36 40
2 4 17 20 22 26 34 35 40 42 48 49
2 4 17 18 19 20 23 25 29 33 36 39
2 4 12 13 16 17 22 25 32 34 46 49
2 4 11 14 19 21 23 24 29 30 37 40
2 4 11 13 17 20 29 33 34 35 43 47
2 4 11 12 20 21 23 26 30 35 44 48
2 4 10 14 18 19 29 33 37 38 44 46
2 4 10 13 16 18 24 25 32 33 38 42
2 4 8 9 16 17 20 21 23 25 48 49
2 3 26 28 30 31 36 38 39 42 47 49
2 3 19 21 23 25 30 34 39 40 44 47
2 3 15 21 22 25 29 32 44 45 47 49
2 3 15 17 22 24 31 34 41 42 45 49
2 3 11 13 18 21 30 35 36 40 43 44
2 3 11 12 17 19 22 25 39 42 47 49
2 3 10 13 16 20 30 31 36 38 40 41
2 3 10 12 15 18 31 33 38 41 45 46
2 3 9 14 15 21 36 38 43 46 47 49
2 3 6 7 19 21 30 35 36 42 46 47
2 3 5 7 10 13 22 25 40 41 44 45
2 3 5 6 15 17 31 33 38 39 43 49
2 3 4 5 11 14 18 20 23 26 29 34
1 7 24 26 29 35 36 37 40 41 45 47
1 7 19 20 23 27 30 34 43 45 47 49
1 7 17 19 23 28 32 35 37 38 45 49
1 7 12 14 19 20 36 41 44 45 47 48
1 7 9 11 16 19 33 35 38 41 48 49
1 7 9 10 15 17 23 27 37 40 45 47
1 7 8 11 22 28 31 33 36 41 44 48
1 7 8 11 18 21 29 35 36 38 39 41
1 7 8 10 16 20 29 31 36 39 43 44
1 6 17 21 23 26 31 32 37 39 45 46
1 6 15 16 17 21 22 27 30 33 36 40
1 6 12 13 17 18 20 21 22 27 45 46
1 6 11 14 15 16 30 33 41 42 43 48
1 6 10 14 15 20 22 28 29 30 39 42
1 6 8 11 16 18 27 28 33 34 37 41
1 6 8 10 24 25 29 30 33 34 41 42
1 6 8 10 17 21 30 31 32 33 44 47
1 6 8 9 17 18 23 27 32 34 45 48
1 5 16 21 22 26 27 28 40 42 43 47
1 5 11 14 16 17 26 28 36 41 47 48
1 5 11 13 16 21 27 28 29 33 48 49
1 5 10 13 20 21 22 27 39 41 43 49
1 5 8 10 22 25 29 30 38 39 43 45
1 5 8 9 23 25 27 28 34 35 43 47
1 5 8 9 17 20 23 25 30 32 37 38
1 5 8 9 11 13 18 19 27 28 36 39
1 5 6 7 10 14 16 21 22 26 30 32
1 4 17 19 22 23 24 25 36 38 43 46
1 4 11 13 25 28 32 33 41 42 46 48
1 4 11 12 23 24 26 28 30 31 43 46
1 4 11 12 16 20 26 28 33 35 40 41
1 4 10 14 19 20 22 24 37 39 43 44
1 4 10 12 22 26 29 35 39 40 43 48
1 4 10 11 12 13 33 35 39 42 47 49
1 4 9 14 17 19 23 24 29 32 44 45
1 4 9 13 16 17 23 25 37 42 45 46
1 4 9 11 12 14 15 21 23 24 39 42
1 4 5 7 17 19 33 35 40 41 44 45
1 3 16 19 25 28 33 34 39 41 47 48
1 3 16 17 18 19 22 24 32 35 38 42
1 3 11 12 15 16 24 28 31 33 45 48
1 3 10 13 18 20 22 23 29 35 36 39
1 3 10 12 26 27 29 31 32 35 36 37
1 3 10 12 16 19 32 33 34 35 46 49
1 3 10 11 19 20 22 25 29 34 43 47
1 3 9 13 17 18 32 35 36 37 43 45
1 3 9 12 15 17 23 24 31 32 37 41
1 3 5 7 8 11 23 27 38 39 43 49
1 3 5 6 9 13 25 28 36 37 47 48
1 3 4 7 15 20 29 31 36 37 47 48
1 3 4 6 11 14 23 26 41 42 45 46
1 2 20 21 24 28 31 35 43 44 46 48
1 2 18 20 22 24 29 33 38 39 43 46
1 2 10 12 17 20 29 34 39 42 43 49
1 2 10 11 16 18 24 28 38 41 46 48
1 2 9 12 22 23 32 34 37 42 45 49
1 2 9 12 15 19 29 30 37 39 40 42
1 2 9 11 17 21 30 32 37 40 44 45
1 2 8 13 20 21 37 42 45 46 48 49
1 2 6 7 8 11 15 17 23 27 31 33
1 2 5 6 18 20 29 34 41 42 45 46
1 2 4 6 9 12 24 28 39 40 43 44
1 2 4 5 16 21 30 32 37 38 48 49
1 2 3 7 9 12 16 18 24 28 32 34
1 1 1 1 1 1 1 1 0 0 0 0
1 1 1 1 1 1 1 1 0 0 0 0
1 1 1 1 1 1 1 1 0 0 0 0
1 1 1 1 1 1 1 1 0 0 0 0
1 1 1 1 1 1 1 1 0 0 0 0
1 1 1 1 1 1 1 1 0 0 0 0
1 1 1 1 1 1 1 1 0 0 0 0
1 1 1 1 1 1 1 1 0 0 0 0
1 1 1 1 1 1 1 1 0 0 0 0
1 1 1 1 1 1 1 1 0 0 0 0
1 1 1 1 1 1 1 1 0 0 0 0
1 1 1 1 1 1 1 1 0 0 0 0
1 1 1 1 1 1 1 1 0 0 0 0
1 1 1 1 1 1 1 1 0 0 0 0
1 1 1 1 1 1 1 1 0 0 0 0
1 1 1 1 1 1 1 1 0 0 0 0
1 1 1 1 1 1 1 1 0 0 0 0
1 1 1 1 1 1 1 1 0 0 0 0
1 1 1 1 1 1 1 1 0 0 0 0
1 1 1 1 1 1 1 1 0 0 0 0
1 1 1 1 1 1 1 1 0 0 0 0
1 1 1 1 1 1 1 1 1 1 1 1
1 1 1 1 1 1 1 1 1 1 1 1
1 1 1 1 1 1 1 1 1 1 1 1
1 1 1 1 1 1 1 1 1 1 1 1
1 1 1 1 1 1 1 1 1 1 1 1
1 1 1 1 1 1 1 1 1 1 1 1
1 1 1 1 1 1 1 1 1 1 1 1
1 1 1 1 1 1 1 1 1 1 1 1
1 1 1 1 1 1 1 1 1 1 1 1
1 1 1 1 1 1 1 1 1 1 1 1
1 1 1 1 1 1 1 1 1 1 1 1
1 1 1 1 1 1 1 1 1 1 1 1
1 1 1 1 1 1 1 1 1 1 1 1
1 1 1 1 1 1 1 1 1 1 1 1
1 1 1 1 1 1 1 1 1 1 1 1
1 1 1 1 1 1 1 1 1 1 1 1
1 1 1 1 1 1 1 1 1 1 1 1
1 1 1 1 1 1 1 1 1 1 1 1
1 1 1 1 1 1 1 1 1 1 1 1
1 1 1 1 1 1 1 1 1 1 1 1
1 1 1 1 1 1 1 1 1 1 1 1
1 1 1 1 1 1 1 1 1 1 1 1
1 1 1 1 1 1 1 1 1 1 1 1
1 1 1 1 1 1 1 1 1 1 1 1
1 1 1 1 1 1 1 1 1 1 1 1
1 1 1 1 1 1 1 1 1 1 1 1
1 1 1 1 1 1 1 1 1 1 1 1
1 1 1 1 1 1 1 1 1 1 1 1
1 1 1 1 1 1 1 1 1 1 1 1
1 1 1 1 1 1 1 1 1 1 1 1
1 1 1 1 1 1 1 1 1 1 1 1
1 1 1 1 1 1 1 1 1 1 1 1
1 1 1 1 1 1 1 1 1 1 1 1
1 1 1 1 1 1 1 1 1 1 1 1
1 1 1 1 1 1 1 1 1 1 1 1
1 1 1 1 1 1 1 1 1 1 1 1
1 1 1 1 1 1 1 1 1 1 1 1
1 1 1 1 1 1 1 1 1 1 1 1
1 1 1 1 1 1 1 1 1 1 1 1
1 1 1 1 1 1 1 1 1 1 1 1
1 1 1 1 1 1 1 1 1 1 1 1
1 1 1 1 1 1 1 1 1 1 1 1
1 1 1 1 1 1 1 1 1 1 1 1
1 1 1 1 1 1 1 1 1 1 1 1
1 1 1 1 1 1 1 1 1 1 1 1
1 1 1 1 1 1 1 1 1 1 1 1
1 1 1 1 1 1 1 1 1 1 1 1
1 1 1 1 1 1 1 1 1 1 1 1
1 1 1 1 1 1 1 1 1 1 1 1
1 1 1 1 1 1 1 1 1 1 1 1
1 1 1 1 1 1 1 1 1 1 1 1
1 1 1 1 1 1 1 1 1 1 1 1
1 1 1 1 1 1 1 1 1 1 1 1
1 1 1 1 1 1 1 1 1 1 1 1
1 1 1 1 1 1 1 1 1 1 1 1
1 1 1 1 1 1 1 1 1 1 1 1
1 1 1 1 1 1 1 1 1 1 1 1
1 1 1 1 1 1 1 1 1 1 1 1
1 1 1 1 1 1 1 1 1 1 1 1
1 1 1 1 1 1 1 1 1 1 1 1
1 1 1 1 1 1 1 1 1 1 1 1
1 1 1 1 1 1 1 1 1 1 1 1
1 1 1 1 1 1 1 1 1 1 1 1
1 1 1 1 1 1 1 1 1 1 1 1
1 1 1 1 1 1 1 1 1 1 1 1
1 1 1 1 1 1 1 1 1 1 1 1
1 1 1 1 1 1 1 1 1 1 1 1
1 1 1 1 1 1 1 1 1 1 1 1
1 1 1 1 1 1 1 1 1 1 1 1
1 1 1 1 1 1 1 1 1 1 1 1
1 1 1 1 1 1 1 1 1 1 1 1
1 1 1 1 1 1 1 1 1 1 1 1
1 1 1 1 1 1 1 1 1 1 1 1
1 1 1 1 1 1 1 1 1 1 1 1
1 1 1 1 1 1 1 1 1 1 1 1
1 1 1 1 1 1 1 1 1 1 1 1
1 1 1 1 1 1 1 1 1 1 1 1
1 1 1 1 1 1 1 1 1 1 1 1
1 1 1 1 1 1 1 1 1 1 1 1
1 1 1 1 1 1 1 1 1 1 1 1
1 1 1 1 1 1 1 1 1 1 1 1
1 1 1 1 1 1 1 1 1 1 1 1
1 1 1 1 1 1 1 1 1 1 1 1
1 1 1 1 1 1 1 1 1 1 1 1
1 1 1 1 1 1 1 1 1 1 1 1
1 1 1 1 1 1 1 1 1 1 1 1
1 1 1 1 1 1 1 1 1 1 1 1
1 1 1 1 1 1 1 1 1 1 1 1
1 1 1 1 1 1 1 1 1 1 1 1
1 1 1 1 1 1 1 1 1 1 1 1
1 1 1 1 1 1 1 1 1 1 1 1
1 1 1 1 1 1 1 1 1 1 1 1
1 1 1 1 1 1 1 1 1 1 1 1
1 1 1 1 1 1 1 1 1 1 1 1
1 1 1 1 1 1 1 1 1 1 1 1
1 1 1 1 1 1 1 1 1 1 1 1
1 1 1 1 1 1 1 1 1 1 1 1
1 1 1 1 1 1 1 1 1 1 1 1
1 1 1 1 1 1 1 1 1 1 1 1
1 1 1 1 1 1 1 1 1 1 1 1
1 1 1 1 1 1 1 1 1 1 1 1
1 1 1 1 1 1 1 1 1 1 1 1
1 1 1 1 1 1 1 1 1 1 1 1
1 1 1 1 1 1 1 1 1 1 1 1
1 1 1 1 1 1 1 1 1 1 1 1
1 1 1 1 1 1 1 1 1 1 1 1
1 1 1 1 1 1 1 1 1 1 1 1
1 1 1 1 1 1 1 1 1 1 1 1
1 1 1 1 1 1 1 1 1 1 1 1
1 1 1 1 1 1 1 1 1 1 1 1
1 1 1 1 1 1 1 1 1 1 1 1
1 1 1 1 1 1 1 1 1 1 1 1
1 1 1 1 1 1 1 1 1 1 1 1
1 1 1 1 1 1 1 1 1 1 1 1
1 1 1 1 1 1 1 1 1 1 1 1
1 1 1 1 1 1 1 1 1 1 1 1
1 1 1 1 1 1 1 1 1 1 1 1
1 1 1 1 1 1 1 1 1 1 1 1
1 1 1 1 1 1 1 1 1 1 1 1
1 1 1 1 1 1 1 1 1 1 1 1
1 1 1 1 1 1 1 1 1 1 1 1
1 1 1 1 1 1 1 1 1 1 1 1
1 1 1 1 1 1 1 1 1 1 1 1
1 1 1 1 1 1 1 1 1 1 1 1
1 1 1 1 1 1 1 1 1 1 1 1
1 1 1 1 1 1 1 1 1 1 1 1
1 1 1 1 1 1 1 1 1 1 1 1
1 1 1 1 1 1 1 1 1 1 1 1
1 1 1 1 1 1 1 1 1 1 1 1
1 1 1 1 1 1 1 1 1 1 1 1
1 1 1 1 1 1 1 1 1 1 1 1
1 1 1 1 1 1 1 1 1 1 1 1
1 1 1 1 1 1 1 1 1 1 1 1
1 1 1 1 1 1 1 1 1 1 1 1
1 1 1 1 1 1 1 1 1 1 1 1
1 1 1 1 1 1 1 1 1 1 1 1
1 1 1 1 1 1 1 1 1 1 1 1
1 1 1 1 1 1 1 1 1 1 1 1
1 1 1 1 1 1 1 1 1 1 1 1
1 1 1 1 1 1 1 1 1 1 1 1
1 1 1 1 1 1 1 1 1 1 1 1
1 1 1 1 1 1 1 1 1 1 1 1
1 1 1 1 1 1 1 1 1 1 1 1
1 1 1 1 1 1 1 1 1 1 1 1
1 1 1 1 1 1 1 1 1 1 1 1
1 1 1 1 1 1 1 1 1 1 1 1
1 1 1 1 1 1 1 1 1 1 1 1
1 1 1 1 1 1 1 1 1 1 1 1
1 1 1 1 1 1 1 1 1 1 1 1
1 1 1 1 1 1 1 1 1 1 1 1
1 1 1 1 1 1 1 1 1 1 1 1
1 1 1 1 1 1 1 1 1 1 1 1
1 1 1 1 1 1 1 1 1 1 1 1
1 1 1 1 1 1 1 1 1 1 1 1
1 1 1 1 1 1 1 1 1 1 1 1
1 1 1 1 1 1 1 1 1 1 1 1
1 1 1 1 1 1 1 1 1 1 1 1
1 1 1 1 1 1 1 1 1 1 1 1
1 1 1 1 1 1 1 1 1 1 1 1
1 1 1 1 1 1 1 1 1 1 1 1
1 1 1 1 1 1 1 1 1 1 1 1
1 1 1 1 1 1 1 1 1 1 1 1
1 1 1 1 1 1 1 1 1 1 1 1
1 1 1 1 1 1 1 1 1 1 1 1
1 1 1 1 1 1 1 1 1 1 1 1
1 1 1 1 1 1 1 1 1 1 1 1
1 1 1 1 1 1 1 1 1 1 1 1
1 1 1 1 1 1 1 1 1 1 1 1
1 1 1 1 1 1 1 1 1 1 1 1
1 1 1 1 1 1 1 1 1 1 1 1
1 1 1 1 1 1 1 1 1 1 1 1
1 1 1 1 1 1 1 1 1 1 1 1
1 1 1 1 1 1 1 1 1 1 1 1
1 1 1 1 1 1 1 1 1 1 1 1
1 1 1 1 1 1 1 1 1 1 1 1
1 1 1 1 1 1 1 1 1 1 1 1
1 1 1 1 1 1 1 1 1 1 1 1
1 1 1 1 1 1 1 1 1 1 1 1
1 1 1 1 1 1 1 1 1 1 1 1
1 1 1 1 1 1 1 1 1 1 1 1
1 1 1 1 1 1 1 1 1 1 1 1
1 1 1 1 1 1 1 1 1 1 1 1
1 1 1 1 1 1 1 1 1 1 1 1
1 1 1 1 1 1 1 1 1 1 1 1
1 1 1 1 1 1 1 1 1 1 1 1
1 1 1 1 1 1 1 1 1 1 1 1
1 1 1 1 1 1 1 1 1 1 1 1
1 1 1 1 1 1 1 1 1 1 1 1
1 1 1 1 1 1 1 1 1 1 1 1
1 1 1 1 1 1 1 1 1 1 1 1
1 1 1 1 1 1 1 1 1 1 1 1
1 1 1 1 1 1 1 1 1 1 1 1
1 1 1 1 1 1 1 1 1 1 1 1
1 1 1 1 1 1 1 1 1 1 1 1
1 1 1 1 1 1 1 1 1 1 1 1
1 1 1 1 1 1 1 1 1 1 1 1
1 1 1 1 1 1 1 1 1 1 1 1
1 1 1 1 1 1 1 1 1 1 1 1
1 1 1 1 1 1 1 1 1 1 1 1
1 1 1 1 1 1 1 1 1 1 1 1
1 1 1 1 1 1 1 1 1 1 1 1
1 1 1 1 1 1 1 1 1 1 1 1
1 1 1 1 1 1 1 1 1 1 1 1
1 1 1 1 1 1 1 1 1 1 1 1
1 1 1 1 1 1 1 1 1 1 1 1
1 1 1 1 1 1 1 1 1 1 1 1
1 1 1 1 1 1 1 1 1 1 1 1
1 1 1 1 1 1 1 1 1 1 1 1
1 1 1 1 1 1 1 1 1 1 1 1
1 1 1 1 1 1 1 1 1 1 1 1
1 1 1 1 1 1 1 1 1 1 1 1
1 1 1 1 1 1 1 1 1 1 1 1
1 1 1 1 1 1 1 1 1 1 1 1
1 1 1 1 1 1 1 1 1 1 1 1
1 1 1 1 1 1 1 1 1 1 1 1
1 1 1 1 1 1 1 1 1 1 1 1
1 1 1 1 1 1 1 1 1 1 1 1
1 1 1 1 1 1 1 1 1 1 1 1
1 1 1 1 1 1 1 1 1 1 1 1
1 1 1 1 1 1 1 1 1 1 1 1
1 1 1 1 1 1 1 1 1 1 1 1
1 1 1 1 1 1 1 1 1 1 1 1
1 1 1 1 1 1 1 1 1 1 1 1
1 1 1 1 1 1 1 1 1 1 1 1
1 1 1 1 1 1 1 1 1 1 1 1
1 1 1 1 1 1 1 1 1 1 1 1
1 1 1 1 1 1 1 1 1 1 1 1
1 1 1 1 1 1 1 1 1 1 1 1
1 1 1 1 1 1 1 1 1 1 1 1
1 1 1 1 1 1 1 1 1 1 1 1
1 1 1 1 1 1 1 1 1 1 1 1
1 1 1 1 1 1 1 1 1 1 1 1
1 1 1 1 1 1 1 1 1 1 1 1
1 1 1 1 1 1 1 1 1 1 1 1
1 1 1 1 1 1 1 1 1 1 1 1
1 1 1 1 1 1 1 1 1 1 1 1
1 1 1 1 1 1 1 1 1 1 1 1
1 1 1 1 1 1 1 1 1 1 1 1
1 1 1 1 1 1 1 1 1 1 1 1
1 1 1 1 1 1 1 1 1 1 1 1
1 1 1 1 1 1 1 1 1 1 1 1
1 1 1 1 1 1 1 1 1 1 1 1
1 1 1 1 1 1 1 1 1 1 1 1
1 1 1 1 1 1 1 1 1 1 1 1
1 1 1 1 1 1 1 1 1 1 1 1
2 2 2 2 2 2 2 2 0 0 0 0
2 2 2 2 2 2 2 2 0 0 0 0
2 2 2 2 2 2 2 2 0 0 0 0
2 2 2 2 2 2 2 2 0 0 0 0
2 2 2 2 2 2 2 2 0 0 0 0
2 2 2 2 2 2 2 2 0 0 0 0
2 2 2 2 2 2 2 2 0 0 0 0
2 2 2 2 2 2 2 2 0 0 0 0
2 2 2 2 2 2 2 2 0 0 0 0
2 2 2 2 2 2 2 2 0 0 0 0
2 2 2 2 2 2 2 2 0 0 0 0
2 2 2 2 2 2 2 2 0 0 0 0
2 2 2 2 2 2 2 2 0 0 0 0
2 2 2 2 2 2 2 2 0 0 0 0
2 2 2 2 2 2 2 2 0 0 0 0
2 2 2 2 2 2 2 2 0 0 0 0
2 2 2 2 2 2 2 2 0 0 0 0
2 2 2 2 2 2 2 2 0 0 0 0
2 2 2 2 2 2 2 2 0 0 0 0
2 2 2 2 2 2 2 2 0 0 0 0
2 2 2 2 2 2 2 2 0 0 0 0
2 2 2 2 2 2 2 2 2 2 2 2
2 2 2 2 2 2 2 2 2 2 2 2
2 2 2 2 2 2 2 2 2 2 2 2
2 2 2 2 2 2 2 2 2 2 2 2
2 2 2 2 2 2 2 2 2 2 2 2
2 2 2 2 2 2 2 2 2 2 2 2
2 2 2 2 2 2 2 2 2 2 2 2
2 2 2 2 2 2 2 2 2 2 2 2
2 2 2 2 2 2 2 2 2 2 2 2
2 2 2 2 2 2 2 2 2 2 2 2
2 2 2 2 2 2 2 2 2 2 2 2
2 2 2 2 2 2 2 2 2 2 2 2
2 2 2 2 2 2 2 2 2 2 2 2
2 2 2 2 2 2 2 2 2 2 2 2
2 2 2 2 2 2 2 2 2 2 2 2
2 2 2 2 2 2 2 2 2 2 2 2
2 2 2 2 2 2 2 2 2 2 2 2
2 2 2 2 2 2 2 2 2 2 2 2
2 2 2 2 2 2 2 2 2 2 2 2
2 2 2 2 2 2 2 2 2 2 2 2
2 2 2 2 2 2 2 2 2 2 2 2
2 2 2 2 2 2 2 2 2 2 2 2
2 2 2 2 2 2 2 2 2 2 2 2
2 2 2 2 2 2 2 2 2 2 2 2
2 2 2 2 2 2 2 2 2 2 2 2
2 2 2 2 2 2 2 2 2 2 2 2
2 2 2 2 2 2 2 2 2 2 2 2
2 2 2 2 2 2 2 2 2 2 2 2
2 2 2 2 2 2 2 2 2 2 2 2
2 2 2 2 2 2 2 2 2 2 2 2
2 2 2 2 2 2 2 2 2 2 2 2
2 2 2 2 2 2 2 2 2 2 2 2
2 2 2 2 2 2 2 2 2 2 2 2
2 2 2 2 2 2 2 2 2 2 2 2
2 2 2 2 2 2 2 2 2 2 2 2
2 2 2 2 2 2 2 2 2 2 2 2
2 2 2 2 2 2 2 2 2 2 2 2
2 2 2 2 2 2 2 2 2 2 2 2
2 2 2 2 2 2 2 2 2 2 2 2
2 2 2 2 2 2 2 2 2 2 2 2
2 2 2 2 2 2 2 2 2 2 2 2
2 2 2 2 2 2 2 2 2 2 2 2
2 2 2 2 2 2 2 2 2 2 2 2
2 2 2 2 2 2 2 2 2 2 2 2
2 2 2 2 2 2 2 2 2 2 2 2
2 2 2 2 2 2 2 2 2 2 2 2
2 2 2 2 2 2 2 2 2 2 2 2
2 2 2 2 2 2 2 2 2 2 2 2
2 2 2 2 2 2 2 2 2 2 2 2
2 2 2 2 2 2 2 2 2 2 2 2
2 2 2 2 2 2 2 2 2 2 2 2
2 2 2 2 2 2 2 2 2 2 2 2
2 2 2 2 2 2 2 2 2 2 2 2
2 2 2 2 2 2 2 2 2 2 2 2
2 2 2 2 2 2 2 2 2 2 2 2
2 2 2 2 2 2 2 2 2 2 2 2
2 2 2 2 2 2 2 2 2 2 2 2
2 2 2 2 2 2 2 2 2 2 2 2
2 2 2 2 2 2 2 2 2 2 2 2
2 2 2 2 2 2 2 2 2 2 2 2
2 2 2 2 2 2 2 2 2 2 2 2
2 2 2 2 2 2 2 2 2 2 2 2
2 2 2 2 2 2 2 2 2 2 2 2
2 2 2 2 2 2 2 2 2 2 2 2
2 2 2 2 2 2 2 2 2 2 2 2
2 2 2 2 2 2 2 2 2 2 2 2
2 2 2 2 2 2 2 2 2 2 2 2
2 2 2 2 2 2 2 2 2 2 2 2
2 2 2 2 2 2 2 2 2 2 2 2
2 2 2 2 2 2 2 2 2 2 2 2
2 2 2 2 2 2 2 2 2 2 2 2
2 2 2 2 2 2 2 2 2 2 2 2
2 2 2 2 2 2 2 2 2 2 2 2
2 2 2 2 2 2 2 2 2 2 2 2
2 2 2 2 2 2 2 2 2 2 2 2
2 2 2 2 2 2 2 2 2 2 2 2
2 2 2 2 2 2 2 2 2 2 2 2
2 2 2 2 2 2 2 2 2 2 2 2
2 2 2 2 2 2 2 2 2 2 2 2
2 2 2 2 2 2 2 2 2 2 2 2
2 2 2 2 2 2 2 2 2 2 2 2
2 2 2 2 2 2 2 2 2 2 2 2
2 2 2 2 2 2 2 2 2 2 2 2
2 2 2 2 2 2 2 2 2 2 2 2
2 2 2 2 2 2 2 2 2 2 2 2
2 2 2 2 2 2 2 2 2 2 2 2
2 2 2 2 2 2 2 2 2 2 2 2
2 2 2 2 2 2 2 2 2 2 2 2
2 2 2 2 2 2 2 2 2 2 2 2
2 2 2 2 2 2 2 2 2 2 2 2
2 2 2 2 2 2 2 2 2 2 2 2
2 2 2 2 2 2 2 2 2 2 2 2
2 2 2 2 2 2 2 2 2 2 2 2
2 2 2 2 2 2 2 2 2 2 2 2
2 2 2 2 2 2 2 2 2 2 2 2
2 2 2 2 2 2 2 2 2 2 2 2
2 2 2 2 2 2 2 2 2 2 2 2
2 2 2 2 2 2 2 2 2 2 2 2
2 2 2 2 2 2 2 2 2 2 2 2
2 2 2 2 2 2 2 2 2 2 2 2
2 2 2 2 2 2 2 2 2 2 2 2
2 2 2 2 2 2 2 2 2 2 2 2
2 2 2 2 2 2 2 2 2 2 2 2
2 2 2 2 2 2 2 2 2 2 2 2
2 2 2 2 2 2 2 2 2 2 2 2
2 2 2 2 2 2 2 2 2 2 2 2
2 2 2 2 2 2 2 2 2 2 2 2
2 2 2 2 2 2 2 2 2 2 2 2
2 2 2 2 2 2 2 2 2 2 2 2
2 2 2 2 2 2 2 2 2 2 2 2
2 2 2 2 2 2 2 2 2 2 2 2
2 2 2 2 2 2 2 2 2 2 2 2
2 2 2 2 2 2 2 2 2 2 2 2
2 2 2 2 2 2 2 2 2 2 2 2
2 2 2 2 2 2 2 2 2 2 2 2
2 2 2 2 2 2 2 2 2 2 2 2
2 2 2 2 2 2 2 2 2 2 2 2
2 2 2 2 2 2 2 2 2 2 2 2
2 2 2 2 2 2 2 2 2 2 2 2
2 2 2 2 2 2 2 2 2 2 2 2
2 2 2 2 2 2 2 2 2 2 2 2
2 2 2 2 2 2 2 2 2 2 2 2
2 2 2 2 2 2 2 2 2 2 2 2
2 2 2 2 2 2 2 2 2 2 2 2
2 2 2 2 2 2 2 2 2 2 2 2
2 2 2 2 2 2 2 2 2 2 2 2
2 2 2 2 2 2 2 2 2 2 2 2
2 2 2 2 2 2 2 2 2 2 2 2
2 2 2 2 2 2 2 2 2 2 2 2
2 2 2 2 2 2 2 2 2 2 2 2
2 2 2 2 2 2 2 2 2 2 2 2
2 2 2 2 2 2 2 2 2 2 2 2
2 2 2 2 2 2 2 2 2 2 2 2
2 2 2 2 2 2 2 2 2 2 2 2
2 2 2 2 2 2 2 2 2 2 2 2
2 2 2 2 2 2 2 2 2 2 2 2
2 2 2 2 2 2 2 2 2 2 2 2
2 2 2 2 2 2 2 2 2 2 2 2
2 2 2 2 2 2 2 2 2 2 2 2
2 2 2 2 2 2 2 2 2 2 2 2
2 2 2 2 2 2 2 2 2 2 2 2
2 2 2 2 2 2 2 2 2 2 2 2
2 2 2 2 2 2 2 2 2 2 2 2
2 2 2 2 2 2 2 2 2 2 2 2
2 2 2 2 2 2 2 2 2 2 2 2
2 2 2 2 2 2 2 2 2 2 2 2
2 2 2 2 2 2 2 2 2 2 2 2
2 2 2 2 2 2 2 2 2 2 2 2
2 2 2 2 2 2 2 2 2 2 2 2
2 2 2 2 2 2 2 2 2 2 2 2
2 2 2 2 2 2 2 2 2 2 2 2
2 2 2 2 2 2 2 2 2 2 2 2
2 2 2 2 2 2 2 2 2 2 2 2
2 2 2 2 2 2 2 2 2 2 2 2
2 2 2 2 2 2 2 2 2 2 2 2
2 2 2 2 2 2 2 2 2 2 2 2
2 2 2 2 2 2 2 2 2 2 2 2
2 2 2 2 2 2 2 2 2 2 2 2
2 2 2 2 2 2 2 2 2 2 2 2
2 2 2 2 2 2 2 2 2 2 2 2
2 2 2 2 2 2 2 2 2 2 2 2
2 2 2 2 2 2 2 2 2 2 2 2
2 2 2 2 2 2 2 2 2 2 2 2
2 2 2 2 2 2 2 2 2 2 2 2
2 2 2 2 2 2 2 2 2 2 2 2
2 2 2 2 2 2 2 2 2 2 2 2
2 2 2 2 2 2 2 2 2 2 2 2
2 2 2 2 2 2 2 2 2 2 2 2
2 2 2 2 2 2 2 2 2 2 2 2
2 2 2 2 2 2 2 2 2 2 2 2
2 2 2 2 2 2 2 2 2 2 2 2
2 2 2 2 2 2 2 2 2 2 2 2
2 2 2 2 2 2 2 2 2 2 2 2
2 2 2 2 2 2 2 2 2 2 2 2
2 2 2 2 2 2 2 2 2 2 2 2
2 2 2 2 2 2 2 2 2 2 2 2
2 2 2 2 2 2 2 2 2 2 2 2
2 2 2 2 2 2 2 2 2 2 2 2
2 2 2 2 2 2 2 2 2 2 2 2
2 2 2 2 2 2 2 2 2 2 2 2
2 2 2 2 2 2 2 2 2 2 2 2
2 2 2 2 2 2 2 2 2 2 2 2
2 2 2 2 2 2 2 2 2 2 2 2
2 2 2 2 2 2 2 2 2 2 2 2
2 2 2 2 2 2 2 2 2 2 2 2
2 2 2 2 2 2 2 2 2 2 2 2
2 2 2 2 2 2 2 2 2 2 2 2
2 2 2 2 2 2 2 2 2 2 2 2
2 2 2 2 2 2 2 2 2 2 2 2
2 2 2 2 2 2 2 2 2 2 2 2
2 2 2 2 2 2 2 2 2 2 2 2
2 2 2 2 2 2 2 2 2 2 2 2
2 2 2 2 2 2 2 2 2 2 2 2
2 2 2 2 2 2 2 2 2 2 2 2
2 2 2 2 2 2 2 2 2 2 2 2
2 2 2 2 2 2 2 2 2 2 2 2
2 2 2 2 2 2 2 2 2 2 2 2
2 2 2 2 2 2 2 2 2 2 2 2
2 2 2 2 2 2 2 2 2 2 2 2
2 2 2 2 2 2 2 2 2 2 2 2
2 2 2 2 2 2 2 2 2 2 2 2
2 2 2 2 2 2 2 2 2 2 2 2
2 2 2 2 2 2 2 2 2 2 2 2
2 2 2 2 2 2 2 2 2 2 2 2
2 2 2 2 2 2 2 2 2 2 2 2
2 2 2 2 2 2 2 2 2 2 2 2
2 2 2 2 2 2 2 2 2 2 2 2
2 2 2 2 2 2 2 2 2 2 2 2
2 2 2 2 2 2 2 2 2 2 2 2
2 2 2 2 2 2 2 2 2 2 2 2
2 2 2 2 2 2 2 2 2 2 2 2
2 2 2 2 2 2 2 2 2 2 2 2
2 2 2 2 2 2 2 2 2 2 2 2
2 2 2 2 2 2 2 2 2 2 2 2
2 2 2 2 2 2 2 2 2 2 2 2
2 2 2 2 2 2 2 2 2 2 2 2
2 2 2 2 2 2 2 2 2 2 2 2
2 2 2 2 2 2 2 2 2 2 2 2
2 2 2 2 2 2 2 2 2 2 2 2
2 2 2 2 2 2 2 2 2 2 2 2
2 2 2 2 2 2 2 2 2 2 2 2
2 2 2 2 2 2 2 2 2 2 2 2
2 2 2 2 2 2 2 2 2 2 2 2
2 2 2 2 2 2 2 2 2 2 2 2
2 2 2 2 2 2 2 2 2 2 2 2
2 2 2 2 2 2 2 2 2 2 2 2
2 2 2 2 2 2 2 2 2 2 2 2
2 2 2 2 2 2 2 2 2 2 2 2
2 2 2 2 2 2 2 2 2 2 2 2
2 2 2 2 2 2 2 2 2 2 2 2
2 2 2 2 2 2 2 2 2 2 2 2
2 2 2 2 2 2 2 2 2 2 2 2
2 2 2 2 2 2 2 2 2 2 2 2
2 2 2 2 2 2 2 2 2 2 2 2
2 2 2 2 2 2 2 2 2 2 2 2
2 2 2 2 2 2 2 2 2 2 2 2
2 2 2 2 2 2 2 2 2 2 2 2
2 2 2 2 2 2 2 2 2 2 2 2
2 2 2 2 2 2 2 2 2 2 2 2
2 2 2 2 2 2 2 2 2 2 2 2
2 2 2 2 2 2 2 2 2 2 2 2
2 2 2 2 2 2 2 2 2 2 2 2
2 2 2 2 2 2 2 2 2 2 2 2
2 2 2 2 2 2 2 2 2 2 2 2
2 2 2 2 2 2 2 2 2 2 2 2
2 2 2 2 2 2 2 2 2 2 2 2
2 2 2 2 2 2 2 2 2 2 2 2
2 2 2 2 2 2 2 2 2 2 2 2
2 2 2 2 2 2 2 2 2 2 2 2
2 2 2 2 2 2 2 2 2 2 2 2
2 2 2 2 2 2 2 2 2 2 2 2
2 2 2 2 2 2 2 2 2 2 2 2
1 1 1 1 1 1 1 1 1 1 1 1 1 1 1 1 1 1 1 1 1 1 1 1 1 1 1 1 1 1 1 1 1 1 1 1 1 1 1 1 1 1 1 1 1 1 1 1 1 1 1 1 1 1 1 1 1 1 1 1 1 2 2 2 2 2 2 2 2 2 2 2 2 2 2 2 2 2 2 2 2 2 2 2 2 2 2 2 2 2 2 2 2 2 2 2 2 2 2 2 2 2 2 2 2 2 2 2 2 2 2 2 2 2 2 2 2 2 2 2 2 2 2 2 2 2 2 2 0 0 0 0 0 0 0 0
1 1 1 1 1 1 1 1 1 1 1 1 1 1 1 1 1 1 1 1 1 1 1 1 1 1 1 1 1 1 1 1 1 1 1 1 1 1 1 1 1 1 1 1 1 1 1 1 1 1 1 1 1 1 1 1 1 1 1 1 1 2 2 2 2 2 2 2 2 2 2 2 2 2 2 2 2 2 2 2 2 2 2 2 2 2 2 2 2 2 2 2 2 2 2 2 2 2 2 2 2 2 2 2 2 2 2 2 2 2 2 2 2 2 2 2 2 2 2 2 2 2 2 2 2 0 0 0 0 0 0 0 0 0 0 0
1 1 1 1 1 1 1 1 1 1 1 1 1 1 1 1 1 1 1 1 1 1 1 1 1 1 1 1 1 1 1 1 1 1 1 1 1 1 1 1 1 1 1 1 1 1 1 1 1 1 1 1 1 1 1 1 1 1 1 1 1 1 1 1 2 2 2 2 2 2 2 2 2 2 2 2 2 2 2 2 2 2 2 2 2 2 2 2 2 2 2 2 2 2 2 2 2 2 2 2 2 2 2 2 2 2 2 2 2 2 2 2 2 2 2 2 2 2 2 2 2 2 2 2 2 2 2 0 0 0 0 0 0 0 0 0
1 1 1 1 1 1 1 1 1 1 1 1 1 1 1 1 1 1 1 1 1 1 1 1 1 1 1 1 1 1 1 1 1 1 1 1 1 1 1 1 1 1 1 1 1 1 1 1 1 1 1 1 1 1 1 1 1 1 1 1 2 2 2 2 2 2 2 2 2 2 2 2 2 2 2 2 2 2 2 2 2 2 2 2 2 2 2 2 2 2 2 2 2 2 2 2 2 2 2 2 2 2 2 2 2 2 2 2 2 2 2 2 2 2 2 2 2 2 2 2 2 2 2 2 2 0 0 0 0 0 0 0 0 0 0 0
1 1 1 1 1 1 1 1 1 1 1 1 1 1 1 1 1 1 1 1 1 1 1 1 1 1 1 1 1 1 1 1 1 1 1 1 1 1 1 1 1 1 1 1 1 1 1 1 1 1 1 1 1 1 1 1 1 1 1 1 1 1 1 1 1 2 2 2 2 2 2 2 2 2 2 2 2 2 2 2 2 2 2 2 2 2 2 2 2 2 2 2 2 2 2 2 2 2 2 2 2 2 2 2 2 2 2 2 2 2 2 2 2 2 2 2 2 2 2 2 2 2 2 2 2 2 2 2 2 2 0 0 0 0 0 0
1 1 1 1 1 1 1 1 1 1 1 1 1 1 1 1 1 1 1 1 1 1 1 1 1 1 1 1 1 1 1 1 1 1 1 1 1 1 1 1 1 1 1 1 1 1 1 1 1 1 1 1 1 1 1 1 1 1 1 1 1 1 1 1 1 1 1 1 1 1 2 2 2 2 2 2 2 2 2 2 2 2 2 2 2 2 2 2 2 2 2 2 2 2 2 2 2 2 2 2 2 2 2 2 2 2 2 2 2 2 2 2 2 2 2 2 2 2 2 2 2 2 2 2 2 2 2 2 2 2 2 2 2 2 2 2
1 1 1 1 1 1 1 1 1 1 1 1 1 1 1 1 1 1 1 1 1 1 1 1 1 1 1 1 1 1 1 1 1 1 1 1 1 1 1 1 1 1 1 1 1 1 1 1 1 1 1 1 1 1 1 1 1 1 1 1 2 2 2 2 2 2 2 2 2 2 2 2 2 2 2 2 2 2 2 2 2 2 2 2 2 2 2 2 2 2 2 2 2 2 2 2 2 2 2 2 2 2 2 2 2 2 2 2 2 2 2 2 2 2 2 2 2 2 2 2 2 2 2 0 0 0 0 0 0 0 0 0 0 0 0 0
1 1 1 1 1 1 1 1 1 1 1 1 1 1 1 1 1 1 1 1 1 1 1 1 1 1 1 1 1 1 1 1 1 1 1 1 1 1 1 1 1 1 1 1 1 1 1 1 1 1 1 1 1 1 1 1 1 1 1 1 1 1 1 1 1 2 2 2 2 2 2 2 2 2 2 2 2 2 2 2 2 2 2 2 2 2 2 2 2 2 2 2 2 2 2 2 2 2 2 2 2 2 2 2 2 2 2 2 2 2 2 2 2 2 2 2 2 2 2 2 2 2 2 2 2 2 2 2 2 2 0 0 0 0 0 0
1 1 1 1 1 1 1 1 1 1 1 1 1 1 1 1 1 1 1 1 1 1 1 1 1 1 1 1 1 1 1 1 1 1 1 1 1 1 1 1 1 1 1 1 1 1 1 1 1 1 1 1 1 1 1 1 1 1 2 2 2 2 2 2 2 2 2 2 2 2 2 2 2 2 2 2 2 2 2 2 2 2 2 2 2 2 2 2 2 2 2 2 2 2 2 2 2 2 2 2 2 2 2 2 2 2 2 2 2 2 2 2 2 2 2 2 2 2 2 2 2 2 2 0 0 0 0 0 0 0 0 0 0 0 0 0
1 1 1 1 1 1 1 1 1 1 1 1 1 1 1 1 1 1 1 1 1 1 1 1 1 1 1 1 1 1 1 1 1 1 1 1 1 1 1 1 1 1 1 1 1 1 1 1 1 1 1 1 1 1 1 1 1 1 1 1 2 2 2 2 2 2 2 2 2 2 2 2 2 2 2 2 2 2 2 2 2 2 2 2 2 2 2 2 2 2 2 2 2 2 2 2 2 2 2 2 2 2 2 2 2 2 2 2 2 2 2 2 2 2 2 2 2 2 2 2 2 2 2 0 0 0 0 0 0 0 0 0 0 0 0 0
1 1 1 1 1 1 1 1 1 1 1 1 1 1 1 1 1 1 1 1 1 1 1 1 1 1 1 1 1 1 1 1 1 1 1 1 1 1 1 1 1 1 1 1 1 1 1 1 1 1 1 1 1 1 1 1 1 1 1 1 1 1 1 2 2 2 2 2 2 2 2 2 2 2 2 2 2 2 2 2 2 2 2 2 2 2 2 2 2 2 2 2 2 2 2 2 2 2 2 2 2 2 2 2 2 2 2 2 2 2 2 2 2 2 2 2 2 2 2 2 2 2 2 2 2 2 2 2 2 2 2 2 2 0 0 0
1 1 1 1 1 1 1 1 1 1 1 1 1 1 1 1 1 1 1 1 1 1 1 1 1 1 1 1 1 1 1 1 1 1 1 1 1 1 1 1 1 1 1 1 1 1 1 1 1 1 1 1 1 1 1 1 1 1 1 1 1 1 2 2 2 2 2 2 2 2 2 2 2 2 2 2 2 2 2 2 2 2 2 2 2 2 2 2 2 2 2 2 2 2 2 2 2 2 2 2 2 2 2 2 2 2 2 2 2 2 2 2 2 2 2 2 2 2 2 2 2 2 2 2 2 2 2 2 0 0 0 0 0 0 0 0
1 1 1 1 1 1 1 1 1 1 1 1 1 1 1 1 1 1 1 1 1 1 1 1 1 1 1 1 1 1 1 1 1 1 1 1 1 1 1 1 1 1 1 1 1 1 1 1 1 1 1 1 1 1 1 1 1 1 1 1 1 1 1 2 2 2 2 2 2 2 2 2 2 2 2 2 2 2 2 2 2 2 2 2 2 2 2 2 2 2 2 2 2 2 2 2 2 2 2 2 2 2 2 2 2 2 2 2 2 2 2 2 2 2 2 2 2 2 2 2 2 2 2 2 2 0 0 0 0 0 0 0 0 0 0 0
1 1 1 1 1 1 1 1 1 1 1 1 1 1 1 1 1 1 1 1 1 1 1 1 1 1 1 1 1 1 1 1 1 1 1 1 1 1 1 1 1 1 1 1 1 1 1 1 1 1 1 1 1 1 1 1 1 1 1 1 1 1 1 1 2 2 2 2 2 2 2 2 2 2 2 2 2 2 2 2 2 2 2 2 2 2 2 2 2 2 2 2 2 2 2 2 2 2 2 2 2 2 2 2 2 2 2 2 2 2 2 2 2 2 2 2 2 2 2 2 2 2 2 2 0 0 0 0 0 0 0 0 0 0 0 0
1 1 1 1 1 1 1 1 1 1 1 1 1 1 1 1 1 1 1 1 1 1 1 1 1 1 1 1 1 1 1 1 1 1 1 1 1 1 1 1 1 1 1 1 1 1 1 1 1 1 1 1 1 1 1 1 1 1 1 1 1 2 2 2 2 2 2 2 2 2 2 2 2 2 2 2 2 2 2 2 2 2 2 2 2 2 2 2 2 2 2 2 2 2 2 2 2 2 2 2 2 2 2 2 2 2 2 2 2 2 2 2 2 2 2 2 2 2 2 2 2 0 0 0 0 0 0 0 0 0 0 0 0 0 0 0
1 1 1 1 1 1 1 1 1 1 1 1 1 1 1 1 1 1 1 1 1 1 1 1 1 1 1 1 1 1 1 1 1 1 1 1 1 1 1 1 1 1 1 1 1 1 1 1 1 1 1 1 1 1 1 1 1 1 1 1 1 1 1 1 1 1 2 2 2 2 2 2 2 2 2 2 2 2 2 2 2 2 2 2 2 2 2 2 2 2 2 2 2 2 2 2 2 2 2 2 2 2 2 2 2 2 2 2 2 2 2 2 2 2 2 2 2 2 2 2 2 2 2 2 2 2 2 2 2 2 2 2 2 2 0 0
1 1 1 1 1 1 1 1 1 1 1 1 1 1 1 1 1 1 1 1 1 1 1 1 1 1 1 1 1 1 1 1 1 1 1 1 1 1 1 1 1 1 1 1 1 1 1 1 1 1 1 1 1 1 1 1 1 1 1 1 1 2 2 2 2 2 2 2 2 2 2 2 2 2 2 2 2 2 2 2 2 2 2 2 2 2 2 2 2 2 2 2 2 2 2 2 2 2 2 2 2 2 2 2 2 2 2 2 2 2 2 2 2 2 2 2 2 2 2 2 2 2 2 2 2 2 2 2 0 0 0 0 0 0 0 0
1 1 1 1 1 1 1 1 1 1 1 1 1 1 1 1 1 1 1 1 1 1 1 1 1 1 1 1 1 1 1 1 1 1 1 1 1 1 1 1 1 1 1 1 1 1 1 1 1 1 1 1 1 1 1 1 1 1 1 2 2 2 2 2 2 2 2 2 2 2 2 2 2 2 2 2 2 2 2 2 2 2 2 2 2 2 2 2 2 2 2 2 2 2 2 2 2 2 2 2 2 2 2 2 2 2 2 2 2 2 2 2 2 2 2 2 2 2 2 2 2 2 2 2 2 2 2 2 2 2 2 0 0 0 0 0
1 1 1 1 1 1 1 1 1 1 1 1 1 1 1 1 1 1 1 1 1 1 1 1 1 1 1 1 1 1 1 1 1 1 1 1 1 1 1 1 1 1 1 1 1 1 1 1 1 1 1 1 1 1 1 1 1 1 1 1 1 1 1 1 1 2 2 2 2 2 2 2 2 2 2 2 2 2 2 2 2 2 2 2 2 2 2 2 2 2 2 2 2 2 2 2 2 2 2 2 2 2 2 2 2 2 2 2 2 2 2 2 2 2 2 2 2 2 2 2 2 2 2 2 2 2 2 2 2 2 2 0 0 0 0 0
1 1 1 1 1 1 1 1 1 1 1 1 1 1 1 1 1 1 1 1 1 1 1 1 1 1 1 1 1 1 1 1 1 1 1 1 1 1 1 1 1 1 1 1 1 1 1 1 1 1 1 1 1 1 1 1 1 1 1 1 1 1 1 1 2 2 2 2 2 2 2 2 2 2 2 2 2 2 2 2 2 2 2 2 2 2 2 2 2 2 2 2 2 2 2 2 2 2 2 2 2 2 2 2 2 2 2 2 2 2 2 2 2 2 2 2 2 2 2 2 2 2 2 2 2 2 2 2 2 2 0 0 0 0 0 0
1 1 1 1 1 1 1 1 1 1 1 1 1 1 1 1 1 1 1 1 1 1 1 1 1 1 1 1 1 1 1 1 1 1 1 1 1 1 1 1 1 1 1 1 1 1 1 1 1 1 1 1 1 1 1 1 1 1 1 2 2 2 2 2 2 2 2 2 2 2 2 2 2 2 2 2 2 2 2 2 2 2 2 2 2 2 2 2 2 2 2 2 2 2 2 2 2 2 2 2 2 2 2 2 2 2 2 2 2 2 2 2 2 2 2 2 2 2 2 2 2 2 2 0 0 0 0 0 0 0 0 0 0 0 0 0
1 1 1 1 1 1 1 1 1 1 1 1 1 1 1 1 1 1 1 1 1 1 1 1 1 1 1 1 1 1 1 1 1 1 1 1 1 1 1 1 1 1 1 1 1 1 1 1 1 1 1 1 1 1 1 1 1 1 1 1 1 1 1 1 1 1 2 2 2 2 2 2 2 2 2 2 2 2 2 2 2 2 2 2 2 2 2 2 2 2 2 2 2 2 2 2 2 2 2 2 2 2 2 2 2 2 2 2 2 2 2 2 2 2 2 2 2 2 2 2 2 2 2 2 2 2 0 0 0 0 0 0 0 0 0 0
1 1 1 1 1 1 1 1 1 1 1 1 1 1 1 1 1 1 1 1 1 1 1 1 1 1 1 1 1 1 1 1 1 1 1 1 1 1 1 1 1 1 1 1 1 1 1 1 1 1 1 1 1 1 1 1 1 1 1 1 1 1 2 2 2 2 2 2 2 2 2 2 2 2 2 2 2 2 2 2 2 2 2 2 2 2 2 2 2 2 2 2 2 2 2 2 2 2 2 2 2 2 2 2 2 2 2 2 2 2 2 2 2 2 2 2 2 2 2 2 2 2 2 2 2 2 2 0 0 0 0 0 0 0 0 0
1 1 1 1 1 1 1 1 1 1 1 1 1 1 1 1 1 1 1 1 1 1 1 1 1 1 1 1 1 1 1 1 1 1 1 1 1 1 1 1 1 1 1 1 1 1 1 1 1 1 1 1 1 1 1 1 1 1 1 1 1 2 2 2 2 2 2 2 2 2 2 2 2 2 2 2 2 2 2 2 2 2 2 2 2 2 2 2 2 2 2 2 2 2 2 2 2 2 2 2 2 2 2 2 2 2 2 2 2 2 2 2 2 2 2 2 2 2 2 2 2 2 2 2 0 0 0 0 0 0 0 0 0 0 0 0
1 1 1 1 1 1 1 1 1 1 1 1 1 1 1 1 1 1 1 1 1 1 1 1 1 1 1 1 1 1 1 1 1 1 1 1 1 1 1 1 1 1 1 1 1 1 1 1 1 1 1 1 1 1 1 1 1 1 1 1 1 1 1 1 2 2 2 2 2 2 2 2 2 2 2 2 2 2 2 2 2 2 2 2 2 2 2 2 2 2 2 2 2 2 2 2 2 2 2 2 2 2 2 2 2 2 2 2 2 2 2 2 2 2 2 2 2 2 2 2 2 2 2 2 2 2 2 2 2 0 0 0 0 0 0 0
1 1 1 1 1 1 1 1 1 1 1 1 1 1 1 1 1 1 1 1 1 1 1 1 1 1 1 1 1 1 1 1 1 1 1 1 1 1 1 1 1 1 1 1 1 1 1 1 1 1 1 1 1 1 1 1 1 1 1 1 1 1 1 1 2 2 2 2 2 2 2 2 2 2 2 2 2 2 2 2 2 2 2 2 2 2 2 2 2 2 2 2 2 2 2 2 2 2 2 2 2 2 2 2 2 2 2 2 2 2 2 2 2 2 2 2 2 2 2 2 2 2 2 2 2 2 2 2 2 0 0 0 0 0 0 0
1 1 1 1 1 1 1 1 1 1 1 1 1 1 1 1 1 1 1 1 1 1 1 1 1 1 1 1 1 1 1 1 1 1 1 1 1 1 1 1 1 1 1 1 1 1 1 1 1 1 1 1 1 1 1 1 1 1 1 1 1 1 2 2 2 2 2 2 2 2 2 2 2 2 2 2 2 2 2 2 2 2 2 2 2 2 2 2 2 2 2 2 2 2 2 2 2 2 2 2 2 2 2 2 2 2 2 2 2 2 2 2 2 2 2 2 2 2 2 2 2 2 2 2 2 2 2 2 2 0 0 0 0 0 0 0
1 1 1 1 1 1 1 1 1 1 1 1 1 1 1 1 1 1 1 1 1 1 1 1 1 1 1 1 1 1 1 1 1 1 1 1 1 1 1 1 1 1 1 1 1 1 1 1 1 1 1 1 1 1 1 1 1 1 1 1 1 1 2 2 2 2 2 2 2 2 2 2 2 2 2 2 2 2 2 2 2 2 2 2 2 2 2 2 2 2 2 2 2 2 2 2 2 2 2 2 2 2 2 2 2 2 2 2 2 2 2 2 2 2 2 2 2 2 2 2 2 2 2 2 0 0 0 0 0 0 0 0 0 0 0 0
1 1 1 1 1 1 1 1 1 1 1 1 1 1 1 1 1 1 1 1 1 1 1 1 1 1 1 1 1 1 1 1 1 1 1 1 1 1 1 1 1 1 1 1 1 1 1 1 1 1 1 1 1 1 1 1 1 1 1 1 2 2 2 2 2 2 2 2 2 2 2 2 2 2 2 2 2 2 2 2 2 2 2 2 2 2 2 2 2 2 2 2 2 2 2 2 2 2 2 2 2 2 2 2 2 2 2 2 2 2 2 2 2 2 2 2 2 2 2 2 2 2 2 2 0 0 0 0 0 0 0 0 0 0 0 0
1 1 1 1 1 1 1 1 1 1 1 1 1 1 1 1 1 1 1 1 1 1 1 1 1 1 1 1 1 1 1 1 1 1 1 1 1 1 1 1 1 1 1 1 1 1 1 1 1 1 1 1 1 1 1 1 1 1 1 1 1 2 2 2 2 2 2 2 2 2 2 2 2 2 2 2 2 2 2 2 2 2 2 2 2 2 2 2 2 2 2 2 2 2 2 2 2 2 2 2 2 2 2 2 2 2 2 2 2 2 2 2 2 2 2 2 2 2 2 2 2 2 0 0 0 0 0 0 0 0 0 0 0 0 0 0
1 1 1 1 1 1 1 1 1 1 1 1 1 1 1 1 1 1 1 1 1 1 1 1 1 1 1 1 1 1 1 1 1 1 1 1 1 1 1 1 1 1 1 1 1 1 1 1 1 1 1 1 1 1 1 1 1 1 1 1 1 1 1 1 1 1 1 1 1 2 2 2 2 2 2 2 2 2 2 2 2 2 2 2 2 2 2 2 2 2 2 2 2 2 2 2 2 2 2 2 2 2 2 2 2 2 2 2 2 2 2 2 2 2 2 2 2 2 2 2 2 2 2 2 2 2 2 2 2 2 2 2 0 0 0 0
1 1 1 1 1 1 1 1 1 1 1 1 1 1 1 1 1 1 1 1 1 1 1 1 1 1 1 1 1 1 1 1 1 1 1 1 1 1 1 1 1 1 1 1 1 1 1 1 1 1 1 1 1 1 1 1 1 1 1 1 1 1 1 1 1 1 2 2 2 2 2 2 2 2 2 2 2 2 2 2 2 2 2 2 2 2 2 2 2 2 2 2 2 2 2 2 2 2 2 2 2 2 2 2 2 2 2 2 2 2 2 2 2 2 2 2 2 2 2 2 2 2 2 2 2 2 2 2 2 2 0 0 0 0 0 0
1 1 1 1 1 1 1 1 1 1 1 1 1 1 1 1 1 1 1 1 1 1 1 1 1 1 1 1 1 1 1 1 1 1 1 1 1 1 1 1 1 1 1 1 1 1 1 1 1 1 1 1 1 1 1 1 1 1 1 1 1 1 1 2 2 2 2 2 2 2 2 2 2 2 2 2 2 2 2 2 2 2 2 2 2 2 2 2 2 2 2 2 2 2 2 2 2 2 2 2 2 2 2 2 2 2 2 2 2 2 2 2 2 2 2 2 2 2 2 2 2 2 2 2 2 2 2 0 0 0 0 0 0 0 0 0
1 1 1 1 1 1 1 1 1 1 1 1 1 1 1 1 1 1 1 1 1 1 1 1 1 1 1 1 1 1 1 1 1 1 1 1 1 1 1 1 1 1 1 1 1 1 1 1 1 1 1 1 1 1 1 1 1 1 1 1 1 1 2 2 2 2 2 2 2 2 2 2 2 2 2 2 2 2 2 2 2 2 2 2 2 2 2 2 2 2 2 2 2 2 2 2 2 2 2 2 2 2 2 2 2 2 2 2 2 2 2 2 2 2 2 2 2 2 2 2 2 2 2 2 2 2 2 2 0 0 0 0 0 0 0 0
1 1 1 1 1 1 1 1 1 1 1 1 1 1 1 1 1 1 1 1 1 1 1 1 1 1 1 1 1 1 1 1 1 1 1 1 1 1 1 1 1 1 1 1 1 1 1 1 1 1 1 1 1 1 1 1 1 1 1 1 1 1 1 1 2 2 2 2 2 2 2 2 2 2 2 2 2 2 2 2 2 2 2 2 2 2 2 2 2 2 2 2 2 2 2 2 2 2 2 2 2 2 2 2 2 2 2 2 2 2 2 2 2 2 2 2 2 2 2 2 2 2 2 2 2 2 2 0 0 0 0 0 0 0 0 0
1 1 1 1 1 1 1 1 1 1 1 1 1 1 1 1 1 1 1 1 1 1 1 1 1 1 1 1 1 1 1 1 1 1 1 1 1 1 1 1 1 1 1 1 1 1 1 1 1 1 1 1 1 1 1 1 1 1 1 1 1 1 1 1 1 1 2 2 2 2 2 2 2 2 2 2 2 2 2 2 2 2 2 2 2 2 2 2 2 2 2 2 2 2 2 2 2 2 2 2 2 2 2 2 2 2 2 2 2 2 2 2 2 2 2 2 2 2 2 2 2 2 2 2 2 2 2 2 0 0 0 0 0 0 0 0
1 1 1 1 1 1 1 1 1 1 1 1 1 1 1 1 1 1 1 1 1 1 1 1 1 1 1 1 1 1 1 1 1 1 1 1 1 1 1 1 1 1 1 1 1 1 1 1 1 1 1 1 1 1 1 1 1 1 1 1 1 1 1 1 2 2 2 2 2 2 2 2 2 2 2 2 2 2 2 2 2 2 2 2 2 2 2 2 2 2 2 2 2 2 2 2 2 2 2 2 2 2 2 2 2 2 2 2 2 2 2 2 2 2 2 2 2 2 2 2 2 2 2 2 2 2 2 2 2 0 0 0 0 0 0 0
1 1 1 1 1 1 1 1 1 1 1 1 1 1 1 1 1 1 1 1 1 1 1 1 1 1 1 1 1 1 1 1 1 1 1 1 1 1 1 1 1 1 1 1 1 1 1 1 1 1 1 1 1 1 1 1 1 1 1 1 1 1 1 1 1 2 2 2 2 2 2 2 2 2 2 2 2 2 2 2 2 2 2 2 2 2 2 2 2 2 2 2 2 2 2 2 2 2 2 2 2 2 2 2 2 2 2 2 2 2 2 2 2 2 2 2 2 2 2 2 2 2 2 2 2 2 0 0 0 0 0 0 0 0 0 0
1 1 1 1 1 1 1 1 1 1 1 1 1 1 1 1 1 1 1 1 1 1 1 1 1 1 1 1 1 1 1 1 1 1 1 1 1 1 1 1 1 1 1 1 1 1 1 1 1 1 1 1 1 1 1 1 1 1 1 1 1 2 2 2 2 2 2 2 2 2 2 2 2 2 2 2 2 2 2 2 2 2 2 2 2 2 2 2 2 2 2 2 2 2 2 2 2 2 2 2 2 2 2 2 2 2 2 2 2 2 2 2 2 2 2 2 2 2 2 2 2 2 2 2 2 2 2 0 0 0 0 0 0 0 0 0
1 1 1 1 1 1 1 1 1 1 1 1 1 1 1 1 1 1 1 1 1 1 1 1 1 1 1 1 1 1 1 1 1 1 1 1 1 1 1 1 1 1 1 1 1 1 1 1 1 1 1 1 1 1 1 1 1 1 1 1 1 1 1 1 1 1 1 1 2 2 2 2 2 2 2 2 2 2 2 2 2 2 2 2 2 2 2 2 2 2 2 2 2 2 2 2 2 2 2 2 2 2 2 2 2 2 2 2 2 2 2 2 2 2 2 2 2 2 2 2 2 2 2 2 2 2 2 2 2 2 2 2 2 2 2 2
1 1 1 1 1 1 1 1 1 1 1 1 1 1 1 1 1 1 1 1 1 1 1 1 1 1 1 1 1 1 1 1 1 1 1 1 1 1 1 1 1 1 1 1 1 1 1 1 1 1 1 1 1 1 1 1 1 1 1 1 1 1 1 1 1 1 1 2 2 2 2 2 2 2 2 2 2 2 2 2 2 2 2 2 2 2 2 2 2 2 2 2 2 2 2 2 2 2 2 2 2 2 2 2 2 2 2 2 2 2 2 2 2 2 2 2 2 2 2 2 2 2 2 2 2 2 2 2 2 2 0 0 0 0 0 0
1 1 1 1 1 1 1 1 1 1 1 1 1 1 1 1 1 1 1 1 1 1 1 1 1 1 1 1 1 1 1 1 1 1 1 1 1 1 1 1 1 1 1 1 1 1 1 1 1 1 1 1 1 1 1 1 1 1 1 1 1 1 1 1 2 2 2 2 2 2 2 2 2 2 2 2 2 2 2 2 2 2 2 2 2 2 2 2 2 2 2 2 2 2 2 2 2 2 2 2 2 2 2 2 2 2 2 2 2 2 2 2 2 2 2 2 2 2 2 2 2 2 2 2 2 2 2 2 2 2 0 0 0 0 0 0
1 1 1 1 1 1 1 1 1 1 1 1 1 1 1 1 1 1 1 1 1 1 1 1 1 1 1 1 1 1 1 1 1 1 1 1 1 1 1 1 1 1 1 1 1 1 1 1 1 1 1 1 1 1 1 1 1 2 2 2 2 2 2 2 2 2 2 2 2 2 2 2 2 2 2 2 2 2 2 2 2 2 2 2 2 2 2 2 2 2 2 2 2 2 2 2 2 2 2 2 2 2 2 2 2 2 2 2 2 2 2 2 2 2 2 2 2 2 2 2 2 2 2 0 0 0 0 0 0 0 0 0 0 0 0 0
1 1 1 1 1 1 1 1 1 1 1 1 1 1 1 1 1 1 1 1 1 1 1 1 1 1 1 1 1 1 1 1 1 1 1 1 1 1 1 1 1 1 1 1 1 1 1 1 1 1 1 1 1 1 1 1 1 1 1 1 1 1 1 2 2 2 2 2 2 2 2 2 2 2 2 2 2 2 2 2 2 2 2 2 2 2 2 2 2 2 2 2 2 2 2 2 2 2 2 2 2 2 2 2 2 2 2 2 2 2 2 2 2 2 2 2 2 2 2 2 2 2 2 2 2 2 2 2 2 0 0 0 0 0 0 0
1 1 1 1 1 1 1 1 1 1 1 1 1 1 1 1 1 1 1 1 1 1 1 1 1 1 1 1 1 1 1 1 1 1 1 1 1 1 1 1 1 1 1 1 1 1 1 1 1 1 1 1 1 1 1 1 1 1 1 1 1 1 1 1 1 2 2 2 2 2 2 2 2 2 2 2 2 2 2 2 2 2 2 2 2 2 2 2 2 2 2 2 2 2 2 2 2 2 2 2 2 2 2 2 2 2 2 2 2 2 2 2 2 2 2 2 2 2 2 2 2 2 2 2 2 2 2 2 2 2 2 2 2 2 0 0
1 1 1 1 1 1 1 1 1 1 1 1 1 1 1 1 1 1 1 1 1 1 1 1 1 1 1 1 1 1 1 1 1 1 1 1 1 1 1 1 1 1 1 1 1 1 1 1 1 1 1 1 1 1 1 1 1 1 1 1 1 1 1 1 2 2 2 2 2 2 2 2 2 2 2 2 2 2 2 2 2 2 2 2 2 2 2 2 2 2 2 2 2 2 2 2 2 2 2 2 2 2 2 2 2 2 2 2 2 2 2 2 2 2 2 2 2 2 2 2 2 2 2 2 2 2 2 2 0 0 0 0 0 0 0 0
1 1 1 1 1 1 1 1 1 1 1 1 1 1 1 1 1 1 1 1 1 1 1 1 1 1 1 1 1 1 1 1 1 1 1 1 1 1 1 1 1 1 1 1 1 1 1 1 1 1 1 1 1 1 1 1 2 2 2 2 2 2 2 2 2 2 2 2 2 2 2 2 2 2 2 2 2 2 2 2 2 2 2 2 2 2 2 2 2 2 2 2 2 2 2 2 2 2 2 2 2 2 2 2 2 2 2 2 2 2 2 2 2 2 2 2 2 2 2 2 2 0 0 0 0 0 0 0 0 0 0 0 0 0 0 0
1 1 1 1 1 1 1 1 1 1 1 1 1 1 1 1 1 1 1 1 1 1 1 1 1 1 1 1 1 1 1 1 1 1 1 1 1 1 1 1 1 1 1 1 1 1 1 1 1 1 1 1 1 1 1 1 1 1 1 1 1 1 1 2 2 2 2 2 2 2 2 2 2 2 2 2 2 2 2 2 2 2 2 2 2 2 2 2 2 2 2 2 2 2 2 2 2 2 2 2 2 2 2 2 2 2 2 2 2 2 2 2 2 2 2 2 2 2 2 2 2 2 2 2 2 2 2 2 2 2 2 2 0 0 0 0
1 1 1 1 1 1 1 1 1 1 1 1 1 1 1 1 1 1 1 1 1 1 1 1 1 1 1 1 1 1 1 1 1 1 1 1 1 1 1 1 1 1 1 1 1 1 1 1 1 1 1 1 1 1 1 1 1 1 1 1 1 1 1 1 1 1 1 2 2 2 2 2 2 2 2 2 2 2 2 2 2 2 2 2 2 2 2 2 2 2 2 2 2 2 2 2 2 2 2 2 2 2 2 2 2 2 2 2 2 2 2 2 2 2 2 2 2 2 2 2 2 2 2 2 2 2 2 2 2 0 0 0 0 0 0 0
1 1 1 1 1 1 1 1 1 1 1 1 1 1 1 1 1 1 1 1 1 2 2 2 2 2 2 2 2 2 2 2 2 2 2 2 2 2 2 2 2 2 0 0 0 0 0 0 0 0 0 0 0 0 0 0 0 0 0 0 0 0 0 0 0 0 0 0 0 0 0 0 0 0 0 0 0 0 0 0 0 0 0 0 0 0 0 0 0 0 0 0 0 0 0 0 0 0 0 0 0 0 0 0 0 0 0 0 0 0 0 0 0 0 0 0 0 0 0 0 0 0 0 0 0 0 0 0 0 0 0 0 0 0 0 0
