26 24
16 6
4 4 4 4 4 4 4 4 4 4 4 4 4 4 4 4 4 4 4 4 4 4 4 4 16 16 
5 6 5 5 6 5 5 6 5 5 6 5 5 5 6 5 5 6 5 5 6 5 5 6 
8 10 16 19 0 0 0 0 0 0 0 0 0 0 0 0
9 11 17 20 0 0 0 0 0 0 0 0 0 0 0 0
10 12 18 21 0 0 0 0 0 0 0 0 0 0 0 0
1 11 19 22 0 0 0 0 0 0 0 0 0 0 0 0
2 12 20 23 0 0 0 0 0 0 0 0 0 0 0 0
1 3 21 24 0 0 0 0 0 0 0 0 0 0 0 0
2 4 13 22 0 0 0 0 0 0 0 0 0 0 0 0
3 5 14 23 0 0 0 0 0 0 0 0 0 0 0 0
4 6 15 24 0 0 0 0 0 0 0 0 0 0 0 0
5 7 13 16 0 0 0 0 0 0 0 0 0 0 0 0
6 8 14 17 0 0 0 0 0 0 0 0 0 0 0 0
7 9 15 18 0 0 0 0 0 0 0 0 0 0 0 0
3 6 18 20 0 0 0 0 0 0 0 0 0 0 0 0
4 7 19 21 0 0 0 0 0 0 0 0 0 0 0 0
5 8 20 22 0 0 0 0 0 0 0 0 0 0 0 0
6 9 21 23 0 0 0 0 0 0 0 0 0 0 0 0
7 10 22 24 0 0 0 0 0 0 0 0 0 0 0 0
8 11 13 23 0 0 0 0 0 0 0 0 0 0 0 0
9 12 14 24 0 0 0 0 0 0 0 0 0 0 0 0
1 10 13 15 0 0 0 0 0 0 0 0 0 0 0 0
2 11 14 16 0 0 0 0 0 0 0 0 0 0 0 0
3 12 15 17 0 0 0 0 0 0 0 0 0 0 0 0
1 4 16 18 0 0 0 0 0 0 0 0 0 0 0 0
2 5 17 19 0 0 0 0 0 0 0 0 0 0 0 0
1 2 4 5 7 8 10 11 13 15 16 18 19 21 22 24
2 3 5 6 8 9 11 12 14 15 17 18 20 21 23 24
4 6 20 23 25 0
5 7 21 24 25 26
6 8 13 22 26 0
7 9 14 23 25 0
8 10 15 24 25 26
9 11 13 16 26 0
10 12 14 17 25 0
1 11 15 18 25 26
2 12 16 19 26 0
1 3 17 20 25 0
2 4 18 21 25 26
3 5 19 22 26 0
7 10 18 20 25 0
8 11 19 21 26 0
9 12 20 22 25 26
1 10 21 23 25 0
2 11 22 24 26 0
3 12 13 23 25 26
1 4 14 24 25 0
2 5 13 15 26 0
3 6 14 16 25 26
4 7 15 17 25 0
5 8 16 18 26 0
6 9 17 19 25 26
1 1 1 1 1 0
1 1 1 1 1 1
1 1 1 1 1 0
1 1 1 1 1 0
1 1 1 1 1 1
1 1 1 1 1 0
1 1 1 1 1 0
1 1 1 1 1 1
1 1 1 1 1 0
1 1 1 1 1 0
1 1 1 1 1 1
1 1 1 1 1 0
2 2 2 2 2 0
2 2 2 2 2 0
2 2 2 2 2 2
2 2 2 2 2 0
2 2 2 2 2 0
2 2 2 2 2 2
2 2 2 2 2 0
2 2 2 2 2 0
2 2 2 2 2 2
2 2 2 2 2 0
2 2 2 2 2 0
2 2 2 2 2 2
1 1 2 2 0 0 0 0 0 0 0 0 0 0 0 0
1 1 2 2 0 0 0 0 0 0 0 0 0 0 0 0
1 1 2 2 0 0 0 0 0 0 0 0 0 0 0 0
1 1 2 2 0 0 0 0 0 0 0 0 0 0 0 0
1 1 2 2 0 0 0 0 0 0 0 0 0 0 0 0
1 1 2 2 0 0 0 0 0 0 0 0 0 0 0 0
1 1 2 2 0 0 0 0 0 0 0 0 0 0 0 0
1 1 2 2 0 0 0 0 0 0 0 0 0 0 0 0
1 1 2 2 0 0 0 0 0 0 0 0 0 0 0 0
1 1 2 2 0 0 0 0 0 0 0 0 0 0 0 0
1 1 2 2 0 0 0 0 0 0 0 0 0 0 0 0
1 1 2 2 0 0 0 0 0 0 0 0 0 0 0 0
1 1 2 2 0 0 0 0 0 0 0 0 0 0 0 0
1 1 2 2 0 0 0 0 0 0 0 0 0 0 0 0
1 1 2 2 0 0 0 0 0 0 0 0 0 0 0 0
1 1 2 2 0 0 0 0 0 0 0 0 0 0 0 0
1 1 2 2 0 0 0 0 0 0 0 0 0 0 0 0
1 1 2 2 0 0 0 0 0 0 0 0 0 0 0 0
1 1 2 2 0 0 0 0 0 0 0 0 0 0 0 0
1 1 2 2 0 0 0 0 0 0 0 0 0 0 0 0
1 1 2 2 0 0 0 0 0 0 0 0 0 0 0 0
1 1 2 2 0 0 0 0 0 0 0 0 0 0 0 0
1 1 2 2 0 0 0 0 0 0 0 0 0 0 0 0
1 1 2 2 0 0 0 0 0 0 0 0 0 0 0 0
1 1 1 1 1 1 1 1 2 2 2 2 2 2 2 2
1 1 1 1 1 1 1 1 2 2 2 2 2 2 2 2
