26 36
24 6
6 6 6 6 6 6 6 6 6 6 6 6 6 6 6 6 6 6 6 6 6 6 6 6 24 24 
5 5 6 5 5 6 5 5 6 5 5 6 5 5 6 5 5 6 5 5 6 5 5 6 5 5 6 5 5 6 5 5 6 5 5 6 
6 12 15 19 29 32 0 0 0 0 0 0 0 0 0 0 0 0 0 0 0 0 0 0
1 7 16 20 30 33 0 0 0 0 0 0 0 0 0 0 0 0 0 0 0 0 0 0
2 8 17 21 25 34 0 0 0 0 0 0 0 0 0 0 0 0 0 0 0 0 0 0
3 9 18 22 26 35 0 0 0 0 0 0 0 0 0 0 0 0 0 0 0 0 0 0
4 10 13 23 27 36 0 0 0 0 0 0 0 0 0 0 0 0 0 0 0 0 0 0
5 11 14 24 28 31 0 0 0 0 0 0 0 0 0 0 0 0 0 0 0 0 0 0
5 8 17 19 30 33 0 0 0 0 0 0 0 0 0 0 0 0 0 0 0 0 0 0
6 9 18 20 25 34 0 0 0 0 0 0 0 0 0 0 0 0 0 0 0 0 0 0
1 10 13 21 26 35 0 0 0 0 0 0 0 0 0 0 0 0 0 0 0 0 0 0
2 11 14 22 27 36 0 0 0 0 0 0 0 0 0 0 0 0 0 0 0 0 0 0
3 12 15 23 28 31 0 0 0 0 0 0 0 0 0 0 0 0 0 0 0 0 0 0
4 7 16 24 29 32 0 0 0 0 0 0 0 0 0 0 0 0 0 0 0 0 0 0
3 11 14 19 25 34 0 0 0 0 0 0 0 0 0 0 0 0 0 0 0 0 0 0
4 12 15 20 26 35 0 0 0 0 0 0 0 0 0 0 0 0 0 0 0 0 0 0
5 7 16 21 27 36 0 0 0 0 0 0 0 0 0 0 0 0 0 0 0 0 0 0
6 8 17 22 28 31 0 0 0 0 0 0 0 0 0 0 0 0 0 0 0 0 0 0
1 9 18 23 29 32 0 0 0 0 0 0 0 0 0 0 0 0 0 0 0 0 0 0
2 10 13 24 30 33 0 0 0 0 0 0 0 0 0 0 0 0 0 0 0 0 0 0
2 9 18 19 28 31 0 0 0 0 0 0 0 0 0 0 0 0 0 0 0 0 0 0
3 10 13 20 29 32 0 0 0 0 0 0 0 0 0 0 0 0 0 0 0 0 0 0
4 11 14 21 30 33 0 0 0 0 0 0 0 0 0 0 0 0 0 0 0 0 0 0
5 12 15 22 25 34 0 0 0 0 0 0 0 0 0 0 0 0 0 0 0 0 0 0
6 7 16 23 26 35 0 0 0 0 0 0 0 0 0 0 0 0 0 0 0 0 0 0
1 8 17 24 27 36 0 0 0 0 0 0 0 0 0 0 0 0 0 0 0 0 0 0
2 3 5 6 8 9 11 12 14 15 17 18 19 21 22 24 25 27 28 30 31 33 34 36
1 3 4 6 7 9 10 12 13 15 16 18 20 21 23 24 26 27 29 30 32 33 35 36
2 9 17 24 26 0
3 10 18 19 25 0
4 11 13 20 25 26
5 12 14 21 26 0
6 7 15 22 25 0
1 8 16 23 25 26
2 12 15 23 26 0
3 7 16 24 25 0
4 8 17 19 25 26
5 9 18 20 26 0
6 10 13 21 25 0
1 11 14 22 25 26
5 9 18 20 26 0
6 10 13 21 25 0
1 11 14 22 25 26
2 12 15 23 26 0
3 7 16 24 25 0
4 8 17 19 25 26
1 7 13 19 25 0
2 8 14 20 26 0
3 9 15 21 25 26
4 10 16 22 25 0
5 11 17 23 26 0
6 12 18 24 25 26
3 8 13 22 25 0
4 9 14 23 26 0
5 10 15 24 25 26
6 11 16 19 25 0
1 12 17 20 26 0
2 7 18 21 25 26
6 11 16 19 25 0
1 12 17 20 26 0
2 7 18 21 25 26
3 8 13 22 25 0
4 9 14 23 26 0
5 10 15 24 25 26
1 1 1 1 1 0
1 1 1 1 1 0
1 1 1 1 1 1
1 1 1 1 1 0
1 1 1 1 1 0
1 1 1 1 1 1
1 1 1 1 1 0
1 1 1 1 1 0
1 1 1 1 1 1
1 1 1 1 1 0
1 1 1 1 1 0
1 1 1 1 1 1
1 1 1 1 1 0
1 1 1 1 1 0
1 1 1 1 1 1
1 1 1 1 1 0
1 1 1 1 1 0
1 1 1 1 1 1
2 2 2 2 2 0
2 2 2 2 2 0
2 2 2 2 2 2
2 2 2 2 2 0
2 2 2 2 2 0
2 2 2 2 2 2
2 2 2 2 2 0
2 2 2 2 2 0
2 2 2 2 2 2
2 2 2 2 2 0
2 2 2 2 2 0
2 2 2 2 2 2
2 2 2 2 2 0
2 2 2 2 2 0
2 2 2 2 2 2
2 2 2 2 2 0
2 2 2 2 2 0
2 2 2 2 2 2
1 1 1 2 2 2 0 0 0 0 0 0 0 0 0 0 0 0 0 0 0 0 0 0
1 1 1 2 2 2 0 0 0 0 0 0 0 0 0 0 0 0 0 0 0 0 0 0
1 1 1 2 2 2 0 0 0 0 0 0 0 0 0 0 0 0 0 0 0 0 0 0
1 1 1 2 2 2 0 0 0 0 0 0 0 0 0 0 0 0 0 0 0 0 0 0
1 1 1 2 2 2 0 0 0 0 0 0 0 0 0 0 0 0 0 0 0 0 0 0
1 1 1 2 2 2 0 0 0 0 0 0 0 0 0 0 0 0 0 0 0 0 0 0
1 1 1 2 2 2 0 0 0 0 0 0 0 0 0 0 0 0 0 0 0 0 0 0
1 1 1 2 2 2 0 0 0 0 0 0 0 0 0 0 0 0 0 0 0 0 0 0
1 1 1 2 2 2 0 0 0 0 0 0 0 0 0 0 0 0 0 0 0 0 0 0
1 1 1 2 2 2 0 0 0 0 0 0 0 0 0 0 0 0 0 0 0 0 0 0
1 1 1 2 2 2 0 0 0 0 0 0 0 0 0 0 0 0 0 0 0 0 0 0
1 1 1 2 2 2 0 0 0 0 0 0 0 0 0 0 0 0 0 0 0 0 0 0
1 1 1 2 2 2 0 0 0 0 0 0 0 0 0 0 0 0 0 0 0 0 0 0
1 1 1 2 2 2 0 0 0 0 0 0 0 0 0 0 0 0 0 0 0 0 0 0
1 1 1 2 2 2 0 0 0 0 0 0 0 0 0 0 0 0 0 0 0 0 0 0
1 1 1 2 2 2 0 0 0 0 0 0 0 0 0 0 0 0 0 0 0 0 0 0
1 1 1 2 2 2 0 0 0 0 0 0 0 0 0 0 0 0 0 0 0 0 0 0
1 1 1 2 2 2 0 0 0 0 0 0 0 0 0 0 0 0 0 0 0 0 0 0
1 1 1 2 2 2 0 0 0 0 0 0 0 0 0 0 0 0 0 0 0 0 0 0
1 1 1 2 2 2 0 0 0 0 0 0 0 0 0 0 0 0 0 0 0 0 0 0
1 1 1 2 2 2 0 0 0 0 0 0 0 0 0 0 0 0 0 0 0 0 0 0
1 1 1 2 2 2 0 0 0 0 0 0 0 0 0 0 0 0 0 0 0 0 0 0
1 1 1 2 2 2 0 0 0 0 0 0 0 0 0 0 0 0 0 0 0 0 0 0
1 1 1 2 2 2 0 0 0 0 0 0 0 0 0 0 0 0 0 0 0 0 0 0
1 1 1 1 1 1 1 1 1 1 1 1 2 2 2 2 2 2 2 2 2 2 2 2
1 1 1 1 1 1 1 1 1 1 1 1 2 2 2 2 2 2 2 2 2 2 2 2
