66 51
32 12
8 8 28 32 8 8 28 8 31 1 15 1 31 1 15 1 23 1 1 1 23 1 1 1 1 1 1 1 1 1 1 1 31 1 1 1 1 1 1 1 1 1 1 1 1 1 1 1 1 1 1 1 1 1 1 1 1 1 1 1 1 1 1 1 1 1 
4 4 4 4 6 4 6 6 4 6 4 6 4 4 4 6 4 4 6 12 10 4 6 12 10 12 10 4 4 12 10 6 4 8 8 8 8 6 8 8 8 10 6 8 8 10 6 6 8 9 9 
2 9 16 25 30 35 44 51 0 0 0 0 0 0 0 0 0 0 0 0 0 0 0 0 0 0 0 0 0 0 0 0
2 8 18 20 26 40 46 50 0 0 0 0 0 0 0 0 0 0 0 0 0 0 0 0 0 0 0 0 0 0 0 0
1 8 9 10 15 16 17 20 21 23 24 25 26 27 30 31 32 34 35 37 40 41 42 44 45 46 47 51 0 0 0 0
1 10 16 19 20 21 22 23 24 25 26 27 29 30 31 32 33 34 35 36 37 39 40 41 42 43 44 45 46 47 49 50
4 6 12 21 26 39 48 51 0 0 0 0 0 0 0 0 0 0 0 0 0 0 0 0 0 0 0 0 0 0 0 0
4 5 14 24 30 36 42 50 0 0 0 0 0 0 0 0 0 0 0 0 0 0 0 0 0 0 0 0 0 0 0 0
3 5 6 7 11 12 13 19 20 21 24 25 26 27 28 30 31 36 37 38 39 41 42 43 46 48 49 51 0 0 0 0
3 7 12 22 32 34 44 50 0 0 0 0 0 0 0 0 0 0 0 0 0 0 0 0 0 0 0 0 0 0 0 0
1 8 10 16 17 19 20 21 23 24 25 26 27 29 30 31 32 34 35 37 39 40 41 42 44 45 46 47 49 50 51 0
1 0 0 0 0 0 0 0 0 0 0 0 0 0 0 0 0 0 0 0 0 0 0 0 0 0 0 0 0 0 0 0
2 8 10 15 18 20 24 26 31 34 40 45 46 50 51 0 0 0 0 0 0 0 0 0 0 0 0 0 0 0 0 0
2 0 0 0 0 0 0 0 0 0 0 0 0 0 0 0 0 0 0 0 0 0 0 0 0 0 0 0 0 0 0 0
3 5 7 12 13 19 20 21 23 24 25 26 27 28 30 31 33 35 36 37 38 39 41 42 43 45 46 48 49 50 51 0
3 0 0 0 0 0 0 0 0 0 0 0 0 0 0 0 0 0 0 0 0 0 0 0 0 0 0 0 0 0 0 0
4 5 7 11 14 20 24 27 30 36 38 42 49 50 51 0 0 0 0 0 0 0 0 0 0 0 0 0 0 0 0 0
4 0 0 0 0 0 0 0 0 0 0 0 0 0 0 0 0 0 0 0 0 0 0 0 0 0 0 0 0 0 0 0
5 6 7 11 12 13 14 20 21 24 25 26 27 30 31 36 37 38 39 42 43 48 49 0 0 0 0 0 0 0 0 0
5 0 0 0 0 0 0 0 0 0 0 0 0 0 0 0 0 0 0 0 0 0 0 0 0 0 0 0 0 0 0 0
6 0 0 0 0 0 0 0 0 0 0 0 0 0 0 0 0 0 0 0 0 0 0 0 0 0 0 0 0 0 0 0
7 0 0 0 0 0 0 0 0 0 0 0 0 0 0 0 0 0 0 0 0 0 0 0 0 0 0 0 0 0 0 0
8 9 10 15 16 17 18 20 21 24 25 26 27 30 31 34 35 40 41 44 45 46 47 0 0 0 0 0 0 0 0 0
8 0 0 0 0 0 0 0 0 0 0 0 0 0 0 0 0 0 0 0 0 0 0 0 0 0 0 0 0 0 0 0
9 0 0 0 0 0 0 0 0 0 0 0 0 0 0 0 0 0 0 0 0 0 0 0 0 0 0 0 0 0 0 0
10 0 0 0 0 0 0 0 0 0 0 0 0 0 0 0 0 0 0 0 0 0 0 0 0 0 0 0 0 0 0 0
11 0 0 0 0 0 0 0 0 0 0 0 0 0 0 0 0 0 0 0 0 0 0 0 0 0 0 0 0 0 0 0
12 0 0 0 0 0 0 0 0 0 0 0 0 0 0 0 0 0 0 0 0 0 0 0 0 0 0 0 0 0 0 0
13 0 0 0 0 0 0 0 0 0 0 0 0 0 0 0 0 0 0 0 0 0 0 0 0 0 0 0 0 0 0 0
14 0 0 0 0 0 0 0 0 0 0 0 0 0 0 0 0 0 0 0 0 0 0 0 0 0 0 0 0 0 0 0
15 0 0 0 0 0 0 0 0 0 0 0 0 0 0 0 0 0 0 0 0 0 0 0 0 0 0 0 0 0 0 0
16 0 0 0 0 0 0 0 0 0 0 0 0 0 0 0 0 0 0 0 0 0 0 0 0 0 0 0 0 0 0 0
17 0 0 0 0 0 0 0 0 0 0 0 0 0 0 0 0 0 0 0 0 0 0 0 0 0 0 0 0 0 0 0
18 0 0 0 0 0 0 0 0 0 0 0 0 0 0 0 0 0 0 0 0 0 0 0 0 0 0 0 0 0 0 0
19 20 21 22 23 24 25 26 27 28 29 30 31 32 33 34 35 36 37 38 39 40 41 42 43 44 45 46 47 48 49 0
19 0 0 0 0 0 0 0 0 0 0 0 0 0 0 0 0 0 0 0 0 0 0 0 0 0 0 0 0 0 0 0
20 0 0 0 0 0 0 0 0 0 0 0 0 0 0 0 0 0 0 0 0 0 0 0 0 0 0 0 0 0 0 0
21 0 0 0 0 0 0 0 0 0 0 0 0 0 0 0 0 0 0 0 0 0 0 0 0 0 0 0 0 0 0 0
22 0 0 0 0 0 0 0 0 0 0 0 0 0 0 0 0 0 0 0 0 0 0 0 0 0 0 0 0 0 0 0
23 0 0 0 0 0 0 0 0 0 0 0 0 0 0 0 0 0 0 0 0 0 0 0 0 0 0 0 0 0 0 0
24 0 0 0 0 0 0 0 0 0 0 0 0 0 0 0 0 0 0 0 0 0 0 0 0 0 0 0 0 0 0 0
25 0 0 0 0 0 0 0 0 0 0 0 0 0 0 0 0 0 0 0 0 0 0 0 0 0 0 0 0 0 0 0
26 0 0 0 0 0 0 0 0 0 0 0 0 0 0 0 0 0 0 0 0 0 0 0 0 0 0 0 0 0 0 0
27 0 0 0 0 0 0 0 0 0 0 0 0 0 0 0 0 0 0 0 0 0 0 0 0 0 0 0 0 0 0 0
28 0 0 0 0 0 0 0 0 0 0 0 0 0 0 0 0 0 0 0 0 0 0 0 0 0 0 0 0 0 0 0
29 0 0 0 0 0 0 0 0 0 0 0 0 0 0 0 0 0 0 0 0 0 0 0 0 0 0 0 0 0 0 0
30 0 0 0 0 0 0 0 0 0 0 0 0 0 0 0 0 0 0 0 0 0 0 0 0 0 0 0 0 0 0 0
31 0 0 0 0 0 0 0 0 0 0 0 0 0 0 0 0 0 0 0 0 0 0 0 0 0 0 0 0 0 0 0
32 0 0 0 0 0 0 0 0 0 0 0 0 0 0 0 0 0 0 0 0 0 0 0 0 0 0 0 0 0 0 0
33 0 0 0 0 0 0 0 0 0 0 0 0 0 0 0 0 0 0 0 0 0 0 0 0 0 0 0 0 0 0 0
34 0 0 0 0 0 0 0 0 0 0 0 0 0 0 0 0 0 0 0 0 0 0 0 0 0 0 0 0 0 0 0
35 0 0 0 0 0 0 0 0 0 0 0 0 0 0 0 0 0 0 0 0 0 0 0 0 0 0 0 0 0 0 0
36 0 0 0 0 0 0 0 0 0 0 0 0 0 0 0 0 0 0 0 0 0 0 0 0 0 0 0 0 0 0 0
37 0 0 0 0 0 0 0 0 0 0 0 0 0 0 0 0 0 0 0 0 0 0 0 0 0 0 0 0 0 0 0
38 0 0 0 0 0 0 0 0 0 0 0 0 0 0 0 0 0 0 0 0 0 0 0 0 0 0 0 0 0 0 0
39 0 0 0 0 0 0 0 0 0 0 0 0 0 0 0 0 0 0 0 0 0 0 0 0 0 0 0 0 0 0 0
40 0 0 0 0 0 0 0 0 0 0 0 0 0 0 0 0 0 0 0 0 0 0 0 0 0 0 0 0 0 0 0
41 0 0 0 0 0 0 0 0 0 0 0 0 0 0 0 0 0 0 0 0 0 0 0 0 0 0 0 0 0 0 0
42 0 0 0 0 0 0 0 0 0 0 0 0 0 0 0 0 0 0 0 0 0 0 0 0 0 0 0 0 0 0 0
43 0 0 0 0 0 0 0 0 0 0 0 0 0 0 0 0 0 0 0 0 0 0 0 0 0 0 0 0 0 0 0
44 0 0 0 0 0 0 0 0 0 0 0 0 0 0 0 0 0 0 0 0 0 0 0 0 0 0 0 0 0 0 0
45 0 0 0 0 0 0 0 0 0 0 0 0 0 0 0 0 0 0 0 0 0 0 0 0 0 0 0 0 0 0 0
46 0 0 0 0 0 0 0 0 0 0 0 0 0 0 0 0 0 0 0 0 0 0 0 0 0 0 0 0 0 0 0
47 0 0 0 0 0 0 0 0 0 0 0 0 0 0 0 0 0 0 0 0 0 0 0 0 0 0 0 0 0 0 0
48 0 0 0 0 0 0 0 0 0 0 0 0 0 0 0 0 0 0 0 0 0 0 0 0 0 0 0 0 0 0 0
49 0 0 0 0 0 0 0 0 0 0 0 0 0 0 0 0 0 0 0 0 0 0 0 0 0 0 0 0 0 0 0
50 0 0 0 0 0 0 0 0 0 0 0 0 0 0 0 0 0 0 0 0 0 0 0 0 0 0 0 0 0 0 0
51 0 0 0 0 0 0 0 0 0 0 0 0 0 0 0 0 0 0 0 0 0 0 0 0 0 0 0 0 0 0 0
3 4 9 10 0 0 0 0 0 0 0 0
1 2 11 12 0 0 0 0 0 0 0 0
7 8 13 14 0 0 0 0 0 0 0 0
5 6 15 16 0 0 0 0 0 0 0 0
6 7 13 15 17 18 0 0 0 0 0 0
5 7 17 19 0 0 0 0 0 0 0 0
7 8 13 15 17 20 0 0 0 0 0 0
2 3 9 11 21 22 0 0 0 0 0 0
1 3 21 23 0 0 0 0 0 0 0 0
3 4 9 11 21 24 0 0 0 0 0 0
7 15 17 25 0 0 0 0 0 0 0 0
5 7 8 13 17 26 0 0 0 0 0 0
7 13 17 27 0 0 0 0 0 0 0 0
6 15 17 28 0 0 0 0 0 0 0 0
3 11 21 29 0 0 0 0 0 0 0 0
1 3 4 9 21 30 0 0 0 0 0 0
3 9 21 31 0 0 0 0 0 0 0 0
2 11 21 32 0 0 0 0 0 0 0 0
4 7 9 13 33 34 0 0 0 0 0 0
2 3 4 7 9 11 13 15 17 21 33 35
3 4 5 7 9 13 17 21 33 36 0 0
4 8 33 37 0 0 0 0 0 0 0 0
3 4 9 13 33 38 0 0 0 0 0 0
3 4 6 7 9 11 13 15 17 21 33 39
1 3 4 7 9 13 17 21 33 40 0 0
2 3 4 5 7 9 11 13 17 21 33 41
3 4 7 9 13 15 17 21 33 42 0 0
7 13 33 43 0 0 0 0 0 0 0 0
4 9 33 44 0 0 0 0 0 0 0 0
1 3 4 6 7 9 13 15 17 21 33 45
3 4 7 9 11 13 17 21 33 46 0 0
3 4 8 9 33 47 0 0 0 0 0 0
4 13 33 48 0 0 0 0 0 0 0 0
3 4 8 9 11 21 33 49 0 0 0 0
1 3 4 9 13 21 33 50 0 0 0 0
4 6 7 13 15 17 33 51 0 0 0 0
3 4 7 9 13 17 33 52 0 0 0 0
7 13 15 17 33 53 0 0 0 0 0 0
4 5 7 9 13 17 33 54 0 0 0 0
2 3 4 9 11 21 33 55 0 0 0 0
3 4 7 9 13 21 33 56 0 0 0 0
3 4 6 7 9 13 15 17 33 57 0 0
4 7 13 17 33 58 0 0 0 0 0 0
1 3 4 8 9 21 33 59 0 0 0 0
3 4 9 11 13 21 33 60 0 0 0 0
2 3 4 7 9 11 13 21 33 61 0 0
3 4 9 21 33 62 0 0 0 0 0 0
5 7 13 17 33 63 0 0 0 0 0 0
4 7 9 13 15 17 33 64 0 0 0 0
2 4 6 8 9 11 13 15 65 0 0 0
1 3 5 7 9 11 13 15 66 0 0 0
