68 45
31 19
1 1 1 1 1 1 1 1 1 1 1 1 1 1 1 15 1 1 1 1 1 1 1 15 1 1 1 1 1 1 1 15 1 1 1 1 1 1 1 15 1 1 1 23 1 23 23 23 1 1 1 23 1 23 23 23 1 15 15 23 15 23 23 31 26 22 18 26 
13 14 10 17 14 14 14 12 14 11 13 13 11 8 12 13 11 12 11 13 10 12 12 12 15 11 10 12 10 19 10 11 10 10 10 10 10 9 10 11 11 9 11 9 12 
1 0 0 0 0 0 0 0 0 0 0 0 0 0 0 0 0 0 0 0 0 0 0 0 0 0 0 0 0 0 0
2 0 0 0 0 0 0 0 0 0 0 0 0 0 0 0 0 0 0 0 0 0 0 0 0 0 0 0 0 0 0
3 0 0 0 0 0 0 0 0 0 0 0 0 0 0 0 0 0 0 0 0 0 0 0 0 0 0 0 0 0 0
4 0 0 0 0 0 0 0 0 0 0 0 0 0 0 0 0 0 0 0 0 0 0 0 0 0 0 0 0 0 0
5 0 0 0 0 0 0 0 0 0 0 0 0 0 0 0 0 0 0 0 0 0 0 0 0 0 0 0 0 0 0
6 0 0 0 0 0 0 0 0 0 0 0 0 0 0 0 0 0 0 0 0 0 0 0 0 0 0 0 0 0 0
7 0 0 0 0 0 0 0 0 0 0 0 0 0 0 0 0 0 0 0 0 0 0 0 0 0 0 0 0 0 0
8 0 0 0 0 0 0 0 0 0 0 0 0 0 0 0 0 0 0 0 0 0 0 0 0 0 0 0 0 0 0
9 0 0 0 0 0 0 0 0 0 0 0 0 0 0 0 0 0 0 0 0 0 0 0 0 0 0 0 0 0 0
10 0 0 0 0 0 0 0 0 0 0 0 0 0 0 0 0 0 0 0 0 0 0 0 0 0 0 0 0 0 0
11 0 0 0 0 0 0 0 0 0 0 0 0 0 0 0 0 0 0 0 0 0 0 0 0 0 0 0 0 0 0
12 0 0 0 0 0 0 0 0 0 0 0 0 0 0 0 0 0 0 0 0 0 0 0 0 0 0 0 0 0 0
13 0 0 0 0 0 0 0 0 0 0 0 0 0 0 0 0 0 0 0 0 0 0 0 0 0 0 0 0 0 0
14 0 0 0 0 0 0 0 0 0 0 0 0 0 0 0 0 0 0 0 0 0 0 0 0 0 0 0 0 0 0
15 0 0 0 0 0 0 0 0 0 0 0 0 0 0 0 0 0 0 0 0 0 0 0 0 0 0 0 0 0 0
1 2 3 4 5 6 7 8 9 10 11 12 13 14 15 0 0 0 0 0 0 0 0 0 0 0 0 0 0 0 0
16 0 0 0 0 0 0 0 0 0 0 0 0 0 0 0 0 0 0 0 0 0 0 0 0 0 0 0 0 0 0
17 0 0 0 0 0 0 0 0 0 0 0 0 0 0 0 0 0 0 0 0 0 0 0 0 0 0 0 0 0 0
18 0 0 0 0 0 0 0 0 0 0 0 0 0 0 0 0 0 0 0 0 0 0 0 0 0 0 0 0 0 0
19 0 0 0 0 0 0 0 0 0 0 0 0 0 0 0 0 0 0 0 0 0 0 0 0 0 0 0 0 0 0
20 0 0 0 0 0 0 0 0 0 0 0 0 0 0 0 0 0 0 0 0 0 0 0 0 0 0 0 0 0 0
21 0 0 0 0 0 0 0 0 0 0 0 0 0 0 0 0 0 0 0 0 0 0 0 0 0 0 0 0 0 0
22 0 0 0 0 0 0 0 0 0 0 0 0 0 0 0 0 0 0 0 0 0 0 0 0 0 0 0 0 0 0
1 2 3 4 5 6 7 8 16 17 18 19 20 21 22 0 0 0 0 0 0 0 0 0 0 0 0 0 0 0 0
23 0 0 0 0 0 0 0 0 0 0 0 0 0 0 0 0 0 0 0 0 0 0 0 0 0 0 0 0 0 0
24 0 0 0 0 0 0 0 0 0 0 0 0 0 0 0 0 0 0 0 0 0 0 0 0 0 0 0 0 0 0
25 0 0 0 0 0 0 0 0 0 0 0 0 0 0 0 0 0 0 0 0 0 0 0 0 0 0 0 0 0 0
26 0 0 0 0 0 0 0 0 0 0 0 0 0 0 0 0 0 0 0 0 0 0 0 0 0 0 0 0 0 0
27 0 0 0 0 0 0 0 0 0 0 0 0 0 0 0 0 0 0 0 0 0 0 0 0 0 0 0 0 0 0
28 0 0 0 0 0 0 0 0 0 0 0 0 0 0 0 0 0 0 0 0 0 0 0 0 0 0 0 0 0 0
29 0 0 0 0 0 0 0 0 0 0 0 0 0 0 0 0 0 0 0 0 0 0 0 0 0 0 0 0 0 0
1 2 3 4 5 6 7 8 23 24 25 26 27 28 29 0 0 0 0 0 0 0 0 0 0 0 0 0 0 0 0
30 0 0 0 0 0 0 0 0 0 0 0 0 0 0 0 0 0 0 0 0 0 0 0 0 0 0 0 0 0 0
31 0 0 0 0 0 0 0 0 0 0 0 0 0 0 0 0 0 0 0 0 0 0 0 0 0 0 0 0 0 0
32 0 0 0 0 0 0 0 0 0 0 0 0 0 0 0 0 0 0 0 0 0 0 0 0 0 0 0 0 0 0
33 0 0 0 0 0 0 0 0 0 0 0 0 0 0 0 0 0 0 0 0 0 0 0 0 0 0 0 0 0 0
34 0 0 0 0 0 0 0 0 0 0 0 0 0 0 0 0 0 0 0 0 0 0 0 0 0 0 0 0 0 0
35 0 0 0 0 0 0 0 0 0 0 0 0 0 0 0 0 0 0 0 0 0 0 0 0 0 0 0 0 0 0
36 0 0 0 0 0 0 0 0 0 0 0 0 0 0 0 0 0 0 0 0 0 0 0 0 0 0 0 0 0 0
1 2 3 4 5 6 7 8 30 31 32 33 34 35 36 0 0 0 0 0 0 0 0 0 0 0 0 0 0 0 0
37 0 0 0 0 0 0 0 0 0 0 0 0 0 0 0 0 0 0 0 0 0 0 0 0 0 0 0 0 0 0
38 0 0 0 0 0 0 0 0 0 0 0 0 0 0 0 0 0 0 0 0 0 0 0 0 0 0 0 0 0 0
39 0 0 0 0 0 0 0 0 0 0 0 0 0 0 0 0 0 0 0 0 0 0 0 0 0 0 0 0 0 0
3 4 5 6 11 12 13 14 16 17 20 21 23 24 27 28 30 31 32 33 37 38 39 0 0 0 0 0 0 0 0
40 0 0 0 0 0 0 0 0 0 0 0 0 0 0 0 0 0 0 0 0 0 0 0 0 0 0 0 0 0 0
1 4 6 7 9 12 14 15 17 19 20 22 24 26 27 29 30 31 34 35 37 38 40 0 0 0 0 0 0 0 0
2 4 5 7 10 12 13 15 16 17 18 19 23 24 25 26 30 32 34 36 37 39 40 0 0 0 0 0 0 0 0
5 6 7 8 9 10 11 12 17 18 21 22 24 25 28 29 30 33 35 36 38 39 40 0 0 0 0 0 0 0 0
41 0 0 0 0 0 0 0 0 0 0 0 0 0 0 0 0 0 0 0 0 0 0 0 0 0 0 0 0 0 0
42 0 0 0 0 0 0 0 0 0 0 0 0 0 0 0 0 0 0 0 0 0 0 0 0 0 0 0 0 0 0
43 0 0 0 0 0 0 0 0 0 0 0 0 0 0 0 0 0 0 0 0 0 0 0 0 0 0 0 0 0 0
2 4 5 7 9 11 13 15 17 19 20 22 23 25 27 29 30 31 32 33 41 42 43 0 0 0 0 0 0 0 0
44 0 0 0 0 0 0 0 0 0 0 0 0 0 0 0 0 0 0 0 0 0 0 0 0 0 0 0 0 0 0
3 4 5 6 9 10 11 12 18 19 20 21 23 24 25 26 30 31 34 35 41 42 44 0 0 0 0 0 0 0 0
1 2 5 6 10 11 14 15 16 17 20 21 24 25 28 29 30 32 34 36 41 43 44 0 0 0 0 0 0 0 0
2 4 6 8 11 12 13 14 16 18 20 22 25 26 27 28 30 33 35 36 42 43 44 0 0 0 0 0 0 0 0
45 0 0 0 0 0 0 0 0 0 0 0 0 0 0 0 0 0 0 0 0 0 0 0 0 0 0 0 0 0 0
1 2 9 10 16 17 23 24 30 31 37 38 41 42 45 0 0 0 0 0 0 0 0 0 0 0 0 0 0 0 0
1 3 9 11 16 18 23 25 30 32 37 39 41 43 45 0 0 0 0 0 0 0 0 0 0 0 0 0 0 0 0
1 2 3 4 6 7 14 15 21 22 23 24 25 26 28 29 30 33 38 39 42 43 45 0 0 0 0 0 0 0 0
1 5 9 13 16 20 23 27 30 34 37 40 41 44 45 0 0 0 0 0 0 0 0 0 0 0 0 0 0 0 0
3 5 6 7 9 10 11 15 16 17 18 22 25 27 28 29 30 35 38 40 42 44 45 0 0 0 0 0 0 0 0
4 6 9 11 12 13 14 15 16 18 19 20 21 22 26 28 30 36 39 40 43 44 45 0 0 0 0 0 0 0 0
1 2 4 5 7 8 9 11 12 15 16 18 19 22 25 28 31 32 33 34 35 36 37 38 39 40 41 42 43 44 45
4 7 8 10 18 19 21 23 24 25 26 27 28 29 30 32 34 35 36 37 39 40 41 42 43 45 0 0 0 0 0
2 7 8 9 10 12 13 15 18 20 22 26 28 29 30 31 33 34 36 37 41 45 0 0 0 0 0 0 0 0 0
2 4 8 9 12 13 19 20 22 23 24 25 31 32 35 40 43 45 0 0 0 0 0 0 0 0 0 0 0 0 0
1 4 8 10 11 12 13 15 16 17 19 20 21 25 26 27 30 32 33 38 39 40 41 43 44 45 0 0 0 0 0
1 16 24 32 40 46 55 58 59 60 61 64 68 0 0 0 0 0 0
2 16 24 32 40 47 52 55 56 58 60 64 66 67 0 0 0 0 0
3 16 24 32 40 44 54 59 60 62 0 0 0 0 0 0 0 0 0
4 16 24 32 40 44 46 47 52 54 56 60 63 64 65 67 68 0 0
5 16 24 32 40 44 47 48 52 54 55 61 62 64 0 0 0 0 0
6 16 24 32 40 44 46 48 54 55 56 60 62 63 0 0 0 0 0
7 16 24 32 40 46 47 48 52 60 62 64 65 66 0 0 0 0 0
8 16 24 32 40 48 56 64 65 66 67 68 0 0 0 0 0 0 0
9 16 46 48 52 54 58 59 61 62 63 64 66 67 0 0 0 0 0
10 16 47 48 54 55 58 62 65 66 68 0 0 0 0 0 0 0 0
11 16 44 48 52 54 55 56 59 62 63 64 68 0 0 0 0 0 0
12 16 44 46 47 48 54 56 63 64 66 67 68 0 0 0 0 0 0
13 16 44 47 52 56 61 63 66 67 68 0 0 0 0 0 0 0 0
14 16 44 46 55 56 60 63 0 0 0 0 0 0 0 0 0 0 0
15 16 46 47 52 55 60 62 63 64 66 68 0 0 0 0 0 0 0
17 24 44 47 55 56 58 59 61 62 63 64 68 0 0 0 0 0 0
18 24 44 46 47 48 52 55 58 62 68 0 0 0 0 0 0 0 0
19 24 47 48 54 56 59 62 63 64 65 66 0 0 0 0 0 0 0
20 24 46 47 52 54 63 64 65 67 68 0 0 0 0 0 0 0 0
21 24 44 46 52 54 55 56 61 63 66 67 68 0 0 0 0 0 0
22 24 44 48 54 55 60 63 65 68 0 0 0 0 0 0 0 0 0
23 24 46 48 52 56 60 62 63 64 66 67 0 0 0 0 0 0 0
25 32 44 47 52 54 58 59 60 61 65 67 0 0 0 0 0 0 0
26 32 44 46 47 48 54 55 58 60 65 67 0 0 0 0 0 0 0
27 32 47 48 52 54 55 56 59 60 62 64 65 67 68 0 0 0 0
28 32 46 47 54 56 60 63 65 66 68 0 0 0 0 0 0 0 0
29 32 44 46 52 56 61 62 65 68 0 0 0 0 0 0 0 0 0
30 32 44 48 55 56 60 62 63 64 65 66 0 0 0 0 0 0 0
31 32 46 48 52 55 60 62 65 66 0 0 0 0 0 0 0 0 0
33 40 44 46 47 48 52 54 55 56 58 59 60 61 62 63 65 66 68
34 40 44 46 52 54 58 64 66 67 0 0 0 0 0 0 0 0 0
35 40 44 47 52 55 59 64 65 67 68 0 0 0 0 0 0 0 0
36 40 44 48 52 56 60 64 66 68 0 0 0 0 0 0 0 0 0
37 40 46 47 54 55 61 64 65 66 0 0 0 0 0 0 0 0 0
38 40 46 48 54 56 62 64 65 67 0 0 0 0 0 0 0 0 0
39 40 47 48 55 56 63 64 65 66 0 0 0 0 0 0 0 0 0
41 44 46 47 58 59 61 64 65 66 0 0 0 0 0 0 0 0 0
42 44 46 48 58 60 62 64 68 0 0 0 0 0 0 0 0 0 0
43 44 47 48 59 60 63 64 65 68 0 0 0 0 0 0 0 0 0
45 46 47 48 61 62 63 64 65 67 68 0 0 0 0 0 0 0 0
49 52 54 55 58 59 61 64 65 66 68 0 0 0 0 0 0 0 0
50 52 54 56 58 60 62 64 65 0 0 0 0 0 0 0 0 0 0
51 52 55 56 59 60 63 64 65 67 68 0 0 0 0 0 0 0 0
53 54 55 56 61 62 63 64 68 0 0 0 0 0 0 0 0 0 0
57 58 59 60 61 62 63 64 65 66 67 68 0 0 0 0 0 0 0
