66 47
31 15
1 1 1 1 1 1 1 1 1 1 1 1 1 1 1 1 1 1 1 1 1 1 1 1 1 1 1 1 1 1 1 31 1 1 1 1 1 1 1 1 1 1 1 23 1 23 23 23 1 1 1 23 1 23 23 23 25 25 17 17 25 25 29 29 22 26 
15 4 12 6 10 11 15 15 10 12 11 11 13 6 14 11 4 11 6 13 14 12 13 11 11 15 14 13 13 11 9 11 9 11 11 12 8 11 11 9 9 9 9 8 10 9 9 
1 0 0 0 0 0 0 0 0 0 0 0 0 0 0 0 0 0 0 0 0 0 0 0 0 0 0 0 0 0 0
2 0 0 0 0 0 0 0 0 0 0 0 0 0 0 0 0 0 0 0 0 0 0 0 0 0 0 0 0 0 0
3 0 0 0 0 0 0 0 0 0 0 0 0 0 0 0 0 0 0 0 0 0 0 0 0 0 0 0 0 0 0
4 0 0 0 0 0 0 0 0 0 0 0 0 0 0 0 0 0 0 0 0 0 0 0 0 0 0 0 0 0 0
5 0 0 0 0 0 0 0 0 0 0 0 0 0 0 0 0 0 0 0 0 0 0 0 0 0 0 0 0 0 0
6 0 0 0 0 0 0 0 0 0 0 0 0 0 0 0 0 0 0 0 0 0 0 0 0 0 0 0 0 0 0
7 0 0 0 0 0 0 0 0 0 0 0 0 0 0 0 0 0 0 0 0 0 0 0 0 0 0 0 0 0 0
8 0 0 0 0 0 0 0 0 0 0 0 0 0 0 0 0 0 0 0 0 0 0 0 0 0 0 0 0 0 0
9 0 0 0 0 0 0 0 0 0 0 0 0 0 0 0 0 0 0 0 0 0 0 0 0 0 0 0 0 0 0
10 0 0 0 0 0 0 0 0 0 0 0 0 0 0 0 0 0 0 0 0 0 0 0 0 0 0 0 0 0 0
11 0 0 0 0 0 0 0 0 0 0 0 0 0 0 0 0 0 0 0 0 0 0 0 0 0 0 0 0 0 0
12 0 0 0 0 0 0 0 0 0 0 0 0 0 0 0 0 0 0 0 0 0 0 0 0 0 0 0 0 0 0
13 0 0 0 0 0 0 0 0 0 0 0 0 0 0 0 0 0 0 0 0 0 0 0 0 0 0 0 0 0 0
14 0 0 0 0 0 0 0 0 0 0 0 0 0 0 0 0 0 0 0 0 0 0 0 0 0 0 0 0 0 0
15 0 0 0 0 0 0 0 0 0 0 0 0 0 0 0 0 0 0 0 0 0 0 0 0 0 0 0 0 0 0
16 0 0 0 0 0 0 0 0 0 0 0 0 0 0 0 0 0 0 0 0 0 0 0 0 0 0 0 0 0 0
17 0 0 0 0 0 0 0 0 0 0 0 0 0 0 0 0 0 0 0 0 0 0 0 0 0 0 0 0 0 0
18 0 0 0 0 0 0 0 0 0 0 0 0 0 0 0 0 0 0 0 0 0 0 0 0 0 0 0 0 0 0
19 0 0 0 0 0 0 0 0 0 0 0 0 0 0 0 0 0 0 0 0 0 0 0 0 0 0 0 0 0 0
20 0 0 0 0 0 0 0 0 0 0 0 0 0 0 0 0 0 0 0 0 0 0 0 0 0 0 0 0 0 0
21 0 0 0 0 0 0 0 0 0 0 0 0 0 0 0 0 0 0 0 0 0 0 0 0 0 0 0 0 0 0
22 0 0 0 0 0 0 0 0 0 0 0 0 0 0 0 0 0 0 0 0 0 0 0 0 0 0 0 0 0 0
23 0 0 0 0 0 0 0 0 0 0 0 0 0 0 0 0 0 0 0 0 0 0 0 0 0 0 0 0 0 0
24 0 0 0 0 0 0 0 0 0 0 0 0 0 0 0 0 0 0 0 0 0 0 0 0 0 0 0 0 0 0
25 0 0 0 0 0 0 0 0 0 0 0 0 0 0 0 0 0 0 0 0 0 0 0 0 0 0 0 0 0 0
26 0 0 0 0 0 0 0 0 0 0 0 0 0 0 0 0 0 0 0 0 0 0 0 0 0 0 0 0 0 0
27 0 0 0 0 0 0 0 0 0 0 0 0 0 0 0 0 0 0 0 0 0 0 0 0 0 0 0 0 0 0
28 0 0 0 0 0 0 0 0 0 0 0 0 0 0 0 0 0 0 0 0 0 0 0 0 0 0 0 0 0 0
29 0 0 0 0 0 0 0 0 0 0 0 0 0 0 0 0 0 0 0 0 0 0 0 0 0 0 0 0 0 0
30 0 0 0 0 0 0 0 0 0 0 0 0 0 0 0 0 0 0 0 0 0 0 0 0 0 0 0 0 0 0
31 0 0 0 0 0 0 0 0 0 0 0 0 0 0 0 0 0 0 0 0 0 0 0 0 0 0 0 0 0 0
1 2 3 4 5 6 7 8 9 10 11 12 13 14 15 16 17 18 19 20 21 22 23 24 25 26 27 28 29 30 31
32 0 0 0 0 0 0 0 0 0 0 0 0 0 0 0 0 0 0 0 0 0 0 0 0 0 0 0 0 0 0
33 0 0 0 0 0 0 0 0 0 0 0 0 0 0 0 0 0 0 0 0 0 0 0 0 0 0 0 0 0 0
34 0 0 0 0 0 0 0 0 0 0 0 0 0 0 0 0 0 0 0 0 0 0 0 0 0 0 0 0 0 0
35 0 0 0 0 0 0 0 0 0 0 0 0 0 0 0 0 0 0 0 0 0 0 0 0 0 0 0 0 0 0
36 0 0 0 0 0 0 0 0 0 0 0 0 0 0 0 0 0 0 0 0 0 0 0 0 0 0 0 0 0 0
37 0 0 0 0 0 0 0 0 0 0 0 0 0 0 0 0 0 0 0 0 0 0 0 0 0 0 0 0 0 0
38 0 0 0 0 0 0 0 0 0 0 0 0 0 0 0 0 0 0 0 0 0 0 0 0 0 0 0 0 0 0
39 0 0 0 0 0 0 0 0 0 0 0 0 0 0 0 0 0 0 0 0 0 0 0 0 0 0 0 0 0 0
40 0 0 0 0 0 0 0 0 0 0 0 0 0 0 0 0 0 0 0 0 0 0 0 0 0 0 0 0 0 0
41 0 0 0 0 0 0 0 0 0 0 0 0 0 0 0 0 0 0 0 0 0 0 0 0 0 0 0 0 0 0
42 0 0 0 0 0 0 0 0 0 0 0 0 0 0 0 0 0 0 0 0 0 0 0 0 0 0 0 0 0 0
1 2 7 8 11 12 13 14 19 20 23 24 25 26 29 30 32 33 34 35 40 41 42 0 0 0 0 0 0 0 0
43 0 0 0 0 0 0 0 0 0 0 0 0 0 0 0 0 0 0 0 0 0 0 0 0 0 0 0 0 0 0
1 4 6 7 10 11 13 16 18 20 21 23 26 28 29 31 34 35 38 39 40 41 43 0 0 0 0 0 0 0 0
1 3 6 8 10 12 13 15 21 22 23 24 25 26 27 28 32 34 36 38 40 42 43 0 0 0 0 0 0 0 0
5 6 7 8 9 10 11 12 18 19 22 23 26 27 30 31 32 35 37 38 41 42 43 0 0 0 0 0 0 0 0
44 0 0 0 0 0 0 0 0 0 0 0 0 0 0 0 0 0 0 0 0 0 0 0 0 0 0 0 0 0 0
45 0 0 0 0 0 0 0 0 0 0 0 0 0 0 0 0 0 0 0 0 0 0 0 0 0 0 0 0 0 0
46 0 0 0 0 0 0 0 0 0 0 0 0 0 0 0 0 0 0 0 0 0 0 0 0 0 0 0 0 0 0
1 3 6 8 9 11 13 15 18 20 21 23 25 27 29 31 36 37 38 39 44 45 46 0 0 0 0 0 0 0 0
47 0 0 0 0 0 0 0 0 0 0 0 0 0 0 0 0 0 0 0 0 0 0 0 0 0 0 0 0 0 0
1 2 7 8 13 14 15 16 19 20 21 22 25 26 27 28 32 33 36 37 44 45 47 0 0 0 0 0 0 0 0
3 4 7 8 10 11 14 15 17 18 21 22 26 27 30 31 33 35 37 39 44 46 47 0 0 0 0 0 0 0 0
1 3 5 7 9 10 15 16 18 20 22 24 27 28 29 30 33 34 36 39 45 46 47 0 0 0 0 0 0 0 0
1 3 5 7 8 9 12 13 15 16 18 20 21 22 23 25 26 27 28 29 32 36 39 42 45 0 0 0 0 0 0
1 4 6 10 12 13 15 16 17 20 21 22 23 27 28 29 32 34 35 37 38 40 41 42 44 0 0 0 0 0 0
5 7 8 9 10 14 24 26 28 29 34 36 39 40 44 45 46 0 0 0 0 0 0 0 0 0 0 0 0 0 0
1 3 7 10 11 15 18 20 21 29 30 31 35 36 39 41 46 0 0 0 0 0 0 0 0 0 0 0 0 0 0
3 7 8 12 15 16 19 21 24 26 27 28 32 33 34 35 36 37 38 40 42 43 44 45 47 0 0 0 0 0 0
1 6 8 10 11 12 13 16 18 23 24 25 26 28 30 31 32 33 34 35 38 41 42 43 47 0 0 0 0 0 0
1 3 4 5 6 7 8 9 10 12 13 15 20 21 22 23 24 25 26 27 29 30 36 38 39 43 45 46 47 0 0
1 5 6 7 8 11 13 16 20 23 24 25 26 28 29 30 32 33 34 35 37 38 39 40 41 43 44 46 47 0 0
3 5 9 11 15 16 18 21 22 24 27 28 30 31 33 34 35 36 40 41 45 47 0 0 0 0 0 0 0 0 0
1 3 5 6 7 8 9 12 13 15 20 21 22 23 25 26 27 29 32 36 38 39 42 43 45 46 0 0 0 0 0
1 32 44 46 47 52 54 56 57 58 60 62 63 64 66
2 32 44 54 0 0 0 0 0 0 0 0 0 0 0
3 32 47 52 55 56 57 60 61 63 65 66 0 0 0
4 32 46 55 58 63 0 0 0 0 0 0 0 0 0
5 32 48 56 57 59 63 64 65 66 0 0 0 0 0
6 32 46 47 48 52 58 62 63 64 66 0 0 0 0
7 32 44 46 48 54 55 56 57 59 60 61 63 64 66
8 32 44 47 48 52 54 55 57 59 61 62 63 64 66
9 32 48 52 56 57 59 63 65 66 0 0 0 0 0
10 32 46 47 48 55 56 58 59 60 62 63 0 0 0
11 32 44 46 48 52 55 60 62 64 65 0 0 0 0
12 32 44 47 48 57 58 61 62 63 66 0 0 0 0
13 32 44 46 47 52 54 57 58 62 63 64 66 0 0
14 32 44 54 55 59 0 0 0 0 0 0 0 0 0
15 32 47 52 54 55 56 57 58 60 61 63 65 66 0
16 32 46 54 56 57 58 61 62 64 65 0 0 0 0
17 32 55 58 0 0 0 0 0 0 0 0 0 0 0
18 32 46 48 52 55 56 57 60 62 65 0 0 0 0
19 32 44 48 54 61 0 0 0 0 0 0 0 0 0
20 32 44 46 52 54 56 57 58 60 63 64 66 0 0
21 32 46 47 52 54 55 57 58 60 61 63 65 66 0
22 32 47 48 54 55 56 57 58 63 65 66 0 0 0
23 32 44 46 47 48 52 57 58 62 63 64 66 0 0
24 32 44 47 56 59 61 62 63 64 65 0 0 0 0
25 32 44 47 52 54 57 62 63 64 66 0 0 0 0
26 32 44 46 47 48 54 55 57 59 61 62 63 64 66
27 32 47 48 52 54 55 56 57 58 61 63 65 66 0
28 32 46 47 54 56 57 58 59 61 62 64 65 0 0
29 32 44 46 52 56 57 58 59 60 63 64 66 0 0
30 32 44 48 55 56 60 62 63 64 65 0 0 0 0
31 32 46 48 52 55 60 62 65 0 0 0 0 0 0
33 44 47 48 54 57 58 61 62 64 66 0 0 0 0
34 44 54 55 56 61 62 64 65 0 0 0 0 0 0
35 44 46 47 56 58 59 61 62 64 65 0 0 0 0
36 44 46 48 55 58 60 61 62 64 65 0 0 0 0
37 47 52 54 56 57 59 60 61 63 65 66 0 0 0
38 48 52 54 55 58 61 64 0 0 0 0 0 0 0
39 46 47 48 52 58 61 62 63 64 66 0 0 0 0
40 46 52 55 56 57 59 60 63 64 66 0 0 0 0
41 44 46 47 58 59 61 64 65 0 0 0 0 0 0
42 44 46 48 58 60 62 64 65 0 0 0 0 0 0
43 44 47 48 57 58 61 62 66 0 0 0 0 0 0
45 46 47 48 61 62 63 64 66 0 0 0 0 0 0
49 52 54 55 58 59 61 64 0 0 0 0 0 0 0
50 52 54 56 57 59 61 63 65 66 0 0 0 0 0
51 52 55 56 59 60 63 64 66 0 0 0 0 0 0
53 54 55 56 61 62 63 64 65 0 0 0 0 0 0
