50 37
23 10
1 1 1 1 1 1 1 1 1 1 1 1 1 1 1 1 1 1 1 1 1 1 1 1 1 1 1 1 1 1 1 1 1 1 1 1 23 11 19 19 11 23 1 23 11 19 19 11 23 23 
6 10 8 10 8 6 8 8 10 8 8 8 8 10 4 8 4 8 10 4 4 10 6 8 6 8 10 8 4 4 4 10 8 4 8 8 8 
1 0 0 0 0 0 0 0 0 0 0 0 0 0 0 0 0 0 0 0 0 0 0
2 0 0 0 0 0 0 0 0 0 0 0 0 0 0 0 0 0 0 0 0 0 0
3 0 0 0 0 0 0 0 0 0 0 0 0 0 0 0 0 0 0 0 0 0 0
4 0 0 0 0 0 0 0 0 0 0 0 0 0 0 0 0 0 0 0 0 0 0
5 0 0 0 0 0 0 0 0 0 0 0 0 0 0 0 0 0 0 0 0 0 0
6 0 0 0 0 0 0 0 0 0 0 0 0 0 0 0 0 0 0 0 0 0 0
7 0 0 0 0 0 0 0 0 0 0 0 0 0 0 0 0 0 0 0 0 0 0
8 0 0 0 0 0 0 0 0 0 0 0 0 0 0 0 0 0 0 0 0 0 0
9 0 0 0 0 0 0 0 0 0 0 0 0 0 0 0 0 0 0 0 0 0 0
10 0 0 0 0 0 0 0 0 0 0 0 0 0 0 0 0 0 0 0 0 0 0
11 0 0 0 0 0 0 0 0 0 0 0 0 0 0 0 0 0 0 0 0 0 0
12 0 0 0 0 0 0 0 0 0 0 0 0 0 0 0 0 0 0 0 0 0 0
13 0 0 0 0 0 0 0 0 0 0 0 0 0 0 0 0 0 0 0 0 0 0
14 0 0 0 0 0 0 0 0 0 0 0 0 0 0 0 0 0 0 0 0 0 0
15 0 0 0 0 0 0 0 0 0 0 0 0 0 0 0 0 0 0 0 0 0 0
16 0 0 0 0 0 0 0 0 0 0 0 0 0 0 0 0 0 0 0 0 0 0
17 0 0 0 0 0 0 0 0 0 0 0 0 0 0 0 0 0 0 0 0 0 0
18 0 0 0 0 0 0 0 0 0 0 0 0 0 0 0 0 0 0 0 0 0 0
19 0 0 0 0 0 0 0 0 0 0 0 0 0 0 0 0 0 0 0 0 0 0
20 0 0 0 0 0 0 0 0 0 0 0 0 0 0 0 0 0 0 0 0 0 0
21 0 0 0 0 0 0 0 0 0 0 0 0 0 0 0 0 0 0 0 0 0 0
22 0 0 0 0 0 0 0 0 0 0 0 0 0 0 0 0 0 0 0 0 0 0
23 0 0 0 0 0 0 0 0 0 0 0 0 0 0 0 0 0 0 0 0 0 0
24 0 0 0 0 0 0 0 0 0 0 0 0 0 0 0 0 0 0 0 0 0 0
25 0 0 0 0 0 0 0 0 0 0 0 0 0 0 0 0 0 0 0 0 0 0
26 0 0 0 0 0 0 0 0 0 0 0 0 0 0 0 0 0 0 0 0 0 0
27 0 0 0 0 0 0 0 0 0 0 0 0 0 0 0 0 0 0 0 0 0 0
28 0 0 0 0 0 0 0 0 0 0 0 0 0 0 0 0 0 0 0 0 0 0
29 0 0 0 0 0 0 0 0 0 0 0 0 0 0 0 0 0 0 0 0 0 0
30 0 0 0 0 0 0 0 0 0 0 0 0 0 0 0 0 0 0 0 0 0 0
31 0 0 0 0 0 0 0 0 0 0 0 0 0 0 0 0 0 0 0 0 0 0
32 0 0 0 0 0 0 0 0 0 0 0 0 0 0 0 0 0 0 0 0 0 0
33 0 0 0 0 0 0 0 0 0 0 0 0 0 0 0 0 0 0 0 0 0 0
34 0 0 0 0 0 0 0 0 0 0 0 0 0 0 0 0 0 0 0 0 0 0
35 0 0 0 0 0 0 0 0 0 0 0 0 0 0 0 0 0 0 0 0 0 0
36 0 0 0 0 0 0 0 0 0 0 0 0 0 0 0 0 0 0 0 0 0 0
2 3 4 5 8 9 10 12 13 14 16 17 18 19 22 24 25 26 27 28 32 33 36
2 6 11 12 16 20 23 24 32 34 36 0 0 0 0 0 0 0 0 0 0 0 0
2 4 5 7 8 9 10 14 16 18 19 21 22 26 27 28 32 35 36 0 0 0 0
1 2 4 6 11 12 13 14 15 16 18 20 23 24 25 26 29 32 36 0 0 0 0
4 7 9 10 18 21 22 28 30 32 36 0 0 0 0 0 0 0 0 0 0 0 0
1 2 3 4 8 9 11 12 13 14 15 16 17 18 23 24 25 26 27 28 31 32 36
37 0 0 0 0 0 0 0 0 0 0 0 0 0 0 0 0 0 0 0 0 0 0
1 3 4 5 6 7 8 9 10 11 12 14 19 20 22 23 27 28 29 33 34 35 37
2 3 13 14 19 21 24 27 30 33 37 0 0 0 0 0 0 0 0 0 0 0 0
1 5 6 7 9 10 11 12 15 19 22 23 25 27 29 31 33 35 37 0 0 0 0
2 3 4 5 8 9 13 14 16 19 22 24 26 27 30 32 33 35 37 0 0 0 0
1 7 11 12 17 19 22 25 31 35 37 0 0 0 0 0 0 0 0 0 0 0 0
2 3 4 5 6 7 8 9 10 11 13 14 18 19 22 26 27 28 32 33 34 35 37
2 3 4 5 7 8 9 10 13 14 16 18 19 22 24 26 27 28 32 33 35 36 37
1 40 42 44 46 48 0 0 0 0
2 37 38 39 40 42 45 47 49 50
3 37 42 44 45 47 49 50 0 0
4 37 39 40 41 42 44 47 49 50
5 37 39 44 46 47 49 50 0 0
6 38 40 44 46 49 0 0 0 0
7 39 41 44 46 48 49 50 0 0
8 37 39 42 44 47 49 50 0 0
9 37 39 41 42 44 46 47 49 50
10 37 39 41 44 46 49 50 0 0
11 38 40 42 44 46 48 49 0 0
12 37 38 40 42 44 46 48 0 0
13 37 40 42 45 47 49 50 0 0
14 37 39 40 42 44 45 47 49 50
15 40 42 46 0 0 0 0 0 0
16 37 38 39 40 42 47 50 0 0
17 37 42 48 0 0 0 0 0 0
18 37 39 40 41 42 49 50 0 0
19 37 39 44 45 46 47 48 49 50
20 38 40 44 0 0 0 0 0 0
21 39 41 45 0 0 0 0 0 0
22 37 39 41 44 46 47 48 49 50
23 38 40 42 44 46 0 0 0 0
24 37 38 40 42 45 47 50 0 0
25 37 40 42 46 48 0 0 0 0
26 37 39 40 42 47 49 50 0 0
27 37 39 42 44 45 46 47 49 50
28 37 39 41 42 44 49 50 0 0
29 40 44 46 0 0 0 0 0 0
30 41 45 47 0 0 0 0 0 0
31 42 46 48 0 0 0 0 0 0
32 37 38 39 40 41 42 47 49 50
33 37 44 45 46 47 49 50 0 0
34 38 44 49 0 0 0 0 0 0
35 39 44 46 47 48 49 50 0 0
36 37 38 39 40 41 42 50 0 0
43 44 45 46 47 48 49 50 0 0
