67 48
24 10
6 6 6 6 6 6 6 6 6 6 6 6 6 6 6 6 6 6 6 6 6 6 6 6 6 6 6 6 6 6 6 6 6 6 6 6 6 6 6 6 6 6 6 6 6 6 6 6 6 6 6 6 6 6 6 6 6 6 6 6 6 6 6 6 24 24 24 
10 10 10 10 10 10 10 10 10 10 10 10 10 10 10 10 10 10 10 10 10 10 10 10 9 9 9 9 9 9 9 9 9 9 9 9 9 9 9 9 9 9 9 9 9 9 9 9 
4 11 21 28 35 45 0 0 0 0 0 0 0 0 0 0 0 0 0 0 0 0 0 0
3 12 22 27 36 46 0 0 0 0 0 0 0 0 0 0 0 0 0 0 0 0 0 0
2 9 23 26 33 47 0 0 0 0 0 0 0 0 0 0 0 0 0 0 0 0 0 0
1 10 24 25 34 48 0 0 0 0 0 0 0 0 0 0 0 0 0 0 0 0 0 0
8 15 17 32 39 41 0 0 0 0 0 0 0 0 0 0 0 0 0 0 0 0 0 0
7 16 18 31 40 42 0 0 0 0 0 0 0 0 0 0 0 0 0 0 0 0 0 0
6 13 19 30 37 43 0 0 0 0 0 0 0 0 0 0 0 0 0 0 0 0 0 0
5 14 20 29 38 44 0 0 0 0 0 0 0 0 0 0 0 0 0 0 0 0 0 0
3 9 18 27 33 42 0 0 0 0 0 0 0 0 0 0 0 0 0 0 0 0 0 0
4 10 17 28 34 41 0 0 0 0 0 0 0 0 0 0 0 0 0 0 0 0 0 0
1 11 20 25 35 44 0 0 0 0 0 0 0 0 0 0 0 0 0 0 0 0 0 0
2 12 19 26 36 43 0 0 0 0 0 0 0 0 0 0 0 0 0 0 0 0 0 0
7 13 22 31 37 46 0 0 0 0 0 0 0 0 0 0 0 0 0 0 0 0 0 0
8 14 21 32 38 45 0 0 0 0 0 0 0 0 0 0 0 0 0 0 0 0 0 0
5 15 24 29 39 48 0 0 0 0 0 0 0 0 0 0 0 0 0 0 0 0 0 0
6 16 23 30 40 47 0 0 0 0 0 0 0 0 0 0 0 0 0 0 0 0 0 0
2 15 22 26 39 46 0 0 0 0 0 0 0 0 0 0 0 0 0 0 0 0 0 0
1 16 21 25 40 45 0 0 0 0 0 0 0 0 0 0 0 0 0 0 0 0 0 0
4 13 24 28 37 48 0 0 0 0 0 0 0 0 0 0 0 0 0 0 0 0 0 0
3 14 23 27 38 47 0 0 0 0 0 0 0 0 0 0 0 0 0 0 0 0 0 0
6 11 18 30 35 42 0 0 0 0 0 0 0 0 0 0 0 0 0 0 0 0 0 0
5 12 17 29 36 41 0 0 0 0 0 0 0 0 0 0 0 0 0 0 0 0 0 0
8 9 20 32 33 44 0 0 0 0 0 0 0 0 0 0 0 0 0 0 0 0 0 0
7 10 19 31 34 43 0 0 0 0 0 0 0 0 0 0 0 0 0 0 0 0 0 0
1 13 17 25 37 41 0 0 0 0 0 0 0 0 0 0 0 0 0 0 0 0 0 0
2 14 18 26 38 42 0 0 0 0 0 0 0 0 0 0 0 0 0 0 0 0 0 0
3 15 19 27 39 43 0 0 0 0 0 0 0 0 0 0 0 0 0 0 0 0 0 0
4 16 20 28 40 44 0 0 0 0 0 0 0 0 0 0 0 0 0 0 0 0 0 0
5 9 21 29 33 45 0 0 0 0 0 0 0 0 0 0 0 0 0 0 0 0 0 0
6 10 22 30 34 46 0 0 0 0 0 0 0 0 0 0 0 0 0 0 0 0 0 0
7 11 23 31 35 47 0 0 0 0 0 0 0 0 0 0 0 0 0 0 0 0 0 0
8 12 24 32 36 48 0 0 0 0 0 0 0 0 0 0 0 0 0 0 0 0 0 0
8 10 23 32 34 47 0 0 0 0 0 0 0 0 0 0 0 0 0 0 0 0 0 0
7 9 24 31 33 48 0 0 0 0 0 0 0 0 0 0 0 0 0 0 0 0 0 0
6 12 21 30 36 45 0 0 0 0 0 0 0 0 0 0 0 0 0 0 0 0 0 0
5 11 22 29 35 46 0 0 0 0 0 0 0 0 0 0 0 0 0 0 0 0 0 0
4 14 19 28 38 43 0 0 0 0 0 0 0 0 0 0 0 0 0 0 0 0 0 0
3 13 20 27 37 44 0 0 0 0 0 0 0 0 0 0 0 0 0 0 0 0 0 0
2 16 17 26 40 41 0 0 0 0 0 0 0 0 0 0 0 0 0 0 0 0 0 0
1 15 18 25 39 42 0 0 0 0 0 0 0 0 0 0 0 0 0 0 0 0 0 0
7 12 20 31 36 44 0 0 0 0 0 0 0 0 0 0 0 0 0 0 0 0 0 0
8 11 19 32 35 43 0 0 0 0 0 0 0 0 0 0 0 0 0 0 0 0 0 0
5 10 18 29 34 42 0 0 0 0 0 0 0 0 0 0 0 0 0 0 0 0 0 0
6 9 17 30 33 41 0 0 0 0 0 0 0 0 0 0 0 0 0 0 0 0 0 0
3 16 24 27 40 48 0 0 0 0 0 0 0 0 0 0 0 0 0 0 0 0 0 0
4 15 23 28 39 47 0 0 0 0 0 0 0 0 0 0 0 0 0 0 0 0 0 0
1 14 22 25 38 46 0 0 0 0 0 0 0 0 0 0 0 0 0 0 0 0 0 0
2 13 21 26 37 45 0 0 0 0 0 0 0 0 0 0 0 0 0 0 0 0 0 0
6 14 24 30 38 48 0 0 0 0 0 0 0 0 0 0 0 0 0 0 0 0 0 0
5 13 23 29 37 47 0 0 0 0 0 0 0 0 0 0 0 0 0 0 0 0 0 0
8 16 22 32 40 46 0 0 0 0 0 0 0 0 0 0 0 0 0 0 0 0 0 0
7 15 21 31 39 45 0 0 0 0 0 0 0 0 0 0 0 0 0 0 0 0 0 0
2 10 20 26 34 44 0 0 0 0 0 0 0 0 0 0 0 0 0 0 0 0 0 0
1 9 19 25 33 43 0 0 0 0 0 0 0 0 0 0 0 0 0 0 0 0 0 0
4 12 18 28 36 42 0 0 0 0 0 0 0 0 0 0 0 0 0 0 0 0 0 0
3 11 17 27 35 41 0 0 0 0 0 0 0 0 0 0 0 0 0 0 0 0 0 0
5 16 19 29 40 43 0 0 0 0 0 0 0 0 0 0 0 0 0 0 0 0 0 0
6 15 20 30 39 44 0 0 0 0 0 0 0 0 0 0 0 0 0 0 0 0 0 0
7 14 17 31 38 41 0 0 0 0 0 0 0 0 0 0 0 0 0 0 0 0 0 0
8 13 18 32 37 42 0 0 0 0 0 0 0 0 0 0 0 0 0 0 0 0 0 0
1 12 23 25 36 47 0 0 0 0 0 0 0 0 0 0 0 0 0 0 0 0 0 0
2 11 24 26 35 48 0 0 0 0 0 0 0 0 0 0 0 0 0 0 0 0 0 0
3 10 21 27 34 45 0 0 0 0 0 0 0 0 0 0 0 0 0 0 0 0 0 0
4 9 22 28 33 46 0 0 0 0 0 0 0 0 0 0 0 0 0 0 0 0 0 0
9 10 11 12 13 14 15 16 17 18 19 20 21 22 23 24 25 26 27 28 29 30 31 32
1 2 3 4 5 6 7 8 17 18 19 20 21 22 23 24 33 34 35 36 37 38 39 40
1 2 3 4 5 6 7 8 9 10 11 12 13 14 15 16 41 42 43 44 45 46 47 48
4 11 18 25 40 47 54 61 66 67
3 12 17 26 39 48 53 62 66 67
2 9 20 27 38 45 56 63 66 67
1 10 19 28 37 46 55 64 66 67
8 15 22 29 36 43 50 57 66 67
7 16 21 30 35 44 49 58 66 67
6 13 24 31 34 41 52 59 66 67
5 14 23 32 33 42 51 60 66 67
3 9 23 29 34 44 54 64 65 67
4 10 24 30 33 43 53 63 65 67
1 11 21 31 36 42 56 62 65 67
2 12 22 32 35 41 55 61 65 67
7 13 19 25 38 48 50 60 65 67
8 14 20 26 37 47 49 59 65 67
5 15 17 27 40 46 52 58 65 67
6 16 18 28 39 45 51 57 65 67
5 10 22 25 39 44 56 59 65 66
6 9 21 26 40 43 55 60 65 66
7 12 24 27 37 42 54 57 65 66
8 11 23 28 38 41 53 58 65 66
1 14 18 29 35 48 52 63 65 66
2 13 17 30 36 47 51 64 65 66
3 16 20 31 33 46 50 61 65 66
4 15 19 32 34 45 49 62 65 66
4 11 18 25 40 47 54 61 65 0
3 12 17 26 39 48 53 62 65 0
2 9 20 27 38 45 56 63 65 0
1 10 19 28 37 46 55 64 65 0
8 15 22 29 36 43 50 57 65 0
7 16 21 30 35 44 49 58 65 0
6 13 24 31 34 41 52 59 65 0
5 14 23 32 33 42 51 60 65 0
3 9 23 29 34 44 54 64 66 0
4 10 24 30 33 43 53 63 66 0
1 11 21 31 36 42 56 62 66 0
2 12 22 32 35 41 55 61 66 0
7 13 19 25 38 48 50 60 66 0
8 14 20 26 37 47 49 59 66 0
5 15 17 27 40 46 52 58 66 0
6 16 18 28 39 45 51 57 66 0
5 10 22 25 39 44 56 59 67 0
6 9 21 26 40 43 55 60 67 0
7 12 24 27 37 42 54 57 67 0
8 11 23 28 38 41 53 58 67 0
1 14 18 29 35 48 52 63 67 0
2 13 17 30 36 47 51 64 67 0
3 16 20 31 33 46 50 61 67 0
4 15 19 32 34 45 49 62 67 0
1 1 1 1 1 1 1 1 1 1
1 1 1 1 1 1 1 1 1 1
1 1 1 1 1 1 1 1 1 1
1 1 1 1 1 1 1 1 1 1
1 1 1 1 1 1 1 1 1 1
1 1 1 1 1 1 1 1 1 1
1 1 1 1 1 1 1 1 1 1
1 1 1 1 1 1 1 1 1 1
1 1 1 1 1 1 1 1 1 1
1 1 1 1 1 1 1 1 1 1
1 1 1 1 1 1 1 1 1 1
1 1 1 1 1 1 1 1 1 1
1 1 1 1 1 1 1 1 1 1
1 1 1 1 1 1 1 1 1 1
1 1 1 1 1 1 1 1 1 1
1 1 1 1 1 1 1 1 1 1
1 1 1 1 1 1 1 1 1 1
1 1 1 1 1 1 1 1 1 1
1 1 1 1 1 1 1 1 1 1
1 1 1 1 1 1 1 1 1 1
1 1 1 1 1 1 1 1 1 1
1 1 1 1 1 1 1 1 1 1
1 1 1 1 1 1 1 1 1 1
1 1 1 1 1 1 1 1 1 1
2 2 2 2 2 2 2 2 2 0
2 2 2 2 2 2 2 2 2 0
2 2 2 2 2 2 2 2 2 0
2 2 2 2 2 2 2 2 2 0
2 2 2 2 2 2 2 2 2 0
2 2 2 2 2 2 2 2 2 0
2 2 2 2 2 2 2 2 2 0
2 2 2 2 2 2 2 2 2 0
2 2 2 2 2 2 2 2 2 0
2 2 2 2 2 2 2 2 2 0
2 2 2 2 2 2 2 2 2 0
2 2 2 2 2 2 2 2 2 0
2 2 2 2 2 2 2 2 2 0
2 2 2 2 2 2 2 2 2 0
2 2 2 2 2 2 2 2 2 0
2 2 2 2 2 2 2 2 2 0
2 2 2 2 2 2 2 2 2 0
2 2 2 2 2 2 2 2 2 0
2 2 2 2 2 2 2 2 2 0
2 2 2 2 2 2 2 2 2 0
2 2 2 2 2 2 2 2 2 0
2 2 2 2 2 2 2 2 2 0
2 2 2 2 2 2 2 2 2 0
2 2 2 2 2 2 2 2 2 0
1 1 1 2 2 2 0 0 0 0 0 0 0 0 0 0 0 0 0 0 0 0 0 0
1 1 1 2 2 2 0 0 0 0 0 0 0 0 0 0 0 0 0 0 0 0 0 0
1 1 1 2 2 2 0 0 0 0 0 0 0 0 0 0 0 0 0 0 0 0 0 0
1 1 1 2 2 2 0 0 0 0 0 0 0 0 0 0 0 0 0 0 0 0 0 0
1 1 1 2 2 2 0 0 0 0 0 0 0 0 0 0 0 0 0 0 0 0 0 0
1 1 1 2 2 2 0 0 0 0 0 0 0 0 0 0 0 0 0 0 0 0 0 0
1 1 1 2 2 2 0 0 0 0 0 0 0 0 0 0 0 0 0 0 0 0 0 0
1 1 1 2 2 2 0 0 0 0 0 0 0 0 0 0 0 0 0 0 0 0 0 0
1 1 1 2 2 2 0 0 0 0 0 0 0 0 0 0 0 0 0 0 0 0 0 0
1 1 1 2 2 2 0 0 0 0 0 0 0 0 0 0 0 0 0 0 0 0 0 0
1 1 1 2 2 2 0 0 0 0 0 0 0 0 0 0 0 0 0 0 0 0 0 0
1 1 1 2 2 2 0 0 0 0 0 0 0 0 0 0 0 0 0 0 0 0 0 0
1 1 1 2 2 2 0 0 0 0 0 0 0 0 0 0 0 0 0 0 0 0 0 0
1 1 1 2 2 2 0 0 0 0 0 0 0 0 0 0 0 0 0 0 0 0 0 0
1 1 1 2 2 2 0 0 0 0 0 0 0 0 0 0 0 0 0 0 0 0 0 0
1 1 1 2 2 2 0 0 0 0 0 0 0 0 0 0 0 0 0 0 0 0 0 0
1 1 1 2 2 2 0 0 0 0 0 0 0 0 0 0 0 0 0 0 0 0 0 0
1 1 1 2 2 2 0 0 0 0 0 0 0 0 0 0 0 0 0 0 0 0 0 0
1 1 1 2 2 2 0 0 0 0 0 0 0 0 0 0 0 0 0 0 0 0 0 0
1 1 1 2 2 2 0 0 0 0 0 0 0 0 0 0 0 0 0 0 0 0 0 0
1 1 1 2 2 2 0 0 0 0 0 0 0 0 0 0 0 0 0 0 0 0 0 0
1 1 1 2 2 2 0 0 0 0 0 0 0 0 0 0 0 0 0 0 0 0 0 0
1 1 1 2 2 2 0 0 0 0 0 0 0 0 0 0 0 0 0 0 0 0 0 0
1 1 1 2 2 2 0 0 0 0 0 0 0 0 0 0 0 0 0 0 0 0 0 0
1 1 1 2 2 2 0 0 0 0 0 0 0 0 0 0 0 0 0 0 0 0 0 0
1 1 1 2 2 2 0 0 0 0 0 0 0 0 0 0 0 0 0 0 0 0 0 0
1 1 1 2 2 2 0 0 0 0 0 0 0 0 0 0 0 0 0 0 0 0 0 0
1 1 1 2 2 2 0 0 0 0 0 0 0 0 0 0 0 0 0 0 0 0 0 0
1 1 1 2 2 2 0 0 0 0 0 0 0 0 0 0 0 0 0 0 0 0 0 0
1 1 1 2 2 2 0 0 0 0 0 0 0 0 0 0 0 0 0 0 0 0 0 0
1 1 1 2 2 2 0 0 0 0 0 0 0 0 0 0 0 0 0 0 0 0 0 0
1 1 1 2 2 2 0 0 0 0 0 0 0 0 0 0 0 0 0 0 0 0 0 0
1 1 1 2 2 2 0 0 0 0 0 0 0 0 0 0 0 0 0 0 0 0 0 0
1 1 1 2 2 2 0 0 0 0 0 0 0 0 0 0 0 0 0 0 0 0 0 0
1 1 1 2 2 2 0 0 0 0 0 0 0 0 0 0 0 0 0 0 0 0 0 0
1 1 1 2 2 2 0 0 0 0 0 0 0 0 0 0 0 0 0 0 0 0 0 0
1 1 1 2 2 2 0 0 0 0 0 0 0 0 0 0 0 0 0 0 0 0 0 0
1 1 1 2 2 2 0 0 0 0 0 0 0 0 0 0 0 0 0 0 0 0 0 0
1 1 1 2 2 2 0 0 0 0 0 0 0 0 0 0 0 0 0 0 0 0 0 0
1 1 1 2 2 2 0 0 0 0 0 0 0 0 0 0 0 0 0 0 0 0 0 0
1 1 1 2 2 2 0 0 0 0 0 0 0 0 0 0 0 0 0 0 0 0 0 0
1 1 1 2 2 2 0 0 0 0 0 0 0 0 0 0 0 0 0 0 0 0 0 0
1 1 1 2 2 2 0 0 0 0 0 0 0 0 0 0 0 0 0 0 0 0 0 0
1 1 1 2 2 2 0 0 0 0 0 0 0 0 0 0 0 0 0 0 0 0 0 0
1 1 1 2 2 2 0 0 0 0 0 0 0 0 0 0 0 0 0 0 0 0 0 0
1 1 1 2 2 2 0 0 0 0 0 0 0 0 0 0 0 0 0 0 0 0 0 0
1 1 1 2 2 2 0 0 0 0 0 0 0 0 0 0 0 0 0 0 0 0 0 0
1 1 1 2 2 2 0 0 0 0 0 0 0 0 0 0 0 0 0 0 0 0 0 0
1 1 1 2 2 2 0 0 0 0 0 0 0 0 0 0 0 0 0 0 0 0 0 0
1 1 1 2 2 2 0 0 0 0 0 0 0 0 0 0 0 0 0 0 0 0 0 0
1 1 1 2 2 2 0 0 0 0 0 0 0 0 0 0 0 0 0 0 0 0 0 0
1 1 1 2 2 2 0 0 0 0 0 0 0 0 0 0 0 0 0 0 0 0 0 0
1 1 1 2 2 2 0 0 0 0 0 0 0 0 0 0 0 0 0 0 0 0 0 0
1 1 1 2 2 2 0 0 0 0 0 0 0 0 0 0 0 0 0 0 0 0 0 0
1 1 1 2 2 2 0 0 0 0 0 0 0 0 0 0 0 0 0 0 0 0 0 0
1 1 1 2 2 2 0 0 0 0 0 0 0 0 0 0 0 0 0 0 0 0 0 0
1 1 1 2 2 2 0 0 0 0 0 0 0 0 0 0 0 0 0 0 0 0 0 0
1 1 1 2 2 2 0 0 0 0 0 0 0 0 0 0 0 0 0 0 0 0 0 0
1 1 1 2 2 2 0 0 0 0 0 0 0 0 0 0 0 0 0 0 0 0 0 0
1 1 1 2 2 2 0 0 0 0 0 0 0 0 0 0 0 0 0 0 0 0 0 0
1 1 1 2 2 2 0 0 0 0 0 0 0 0 0 0 0 0 0 0 0 0 0 0
1 1 1 2 2 2 0 0 0 0 0 0 0 0 0 0 0 0 0 0 0 0 0 0
1 1 1 2 2 2 0 0 0 0 0 0 0 0 0 0 0 0 0 0 0 0 0 0
1 1 1 2 2 2 0 0 0 0 0 0 0 0 0 0 0 0 0 0 0 0 0 0
1 1 1 1 1 1 1 1 1 1 1 1 1 1 1 1 2 2 2 2 2 2 2 2
1 1 1 1 1 1 1 1 1 1 1 1 1 1 1 1 2 2 2 2 2 2 2 2
1 1 1 1 1 1 1 1 1 1 1 1 1 1 1 1 2 2 2 2 2 2 2 2
