67 48
32 14
28 28 32 24 28 24 24 8 31 27 15 27 27 15 1 1 23 23 23 1 23 1 1 1 1 1 1 1 1 1 1 1 31 1 1 1 1 1 1 1 1 1 1 1 1 1 1 1 1 1 1 1 1 1 1 1 1 1 1 1 1 1 1 1 1 1 1 
8 8 12 12 12 8 4 10 4 4 14 8 8 12 8 10 14 12 12 14 14 12 12 14 12 10 4 12 12 12 8 12 12 14 12 8 12 14 14 12 14 12 12 12 6 9 9 9 
1 6 10 12 14 16 17 19 20 21 22 23 25 28 29 31 32 33 35 37 38 39 40 41 42 46 47 48 0 0 0 0
2 5 9 11 13 16 17 18 20 21 22 23 24 28 29 30 32 33 34 36 38 39 40 41 43 46 47 48 0 0 0 0
2 3 13 15 16 17 18 19 20 21 22 23 24 25 26 28 29 30 32 33 34 35 36 37 38 39 40 41 43 44 45 48
1 3 5 6 7 8 11 12 14 17 18 20 23 25 28 30 31 32 34 37 38 41 44 48 0 0 0 0 0 0 0 0
1 3 4 5 8 11 14 15 16 19 20 21 22 25 26 27 29 33 34 35 36 37 39 42 43 44 45 47 0 0 0 0
2 3 4 6 8 12 14 18 19 21 22 23 24 25 26 30 35 37 38 39 41 42 44 47 0 0 0 0 0 0 0 0
2 4 5 6 11 13 14 17 20 21 24 28 29 30 32 33 34 35 39 40 41 42 43 46 0 0 0 0 0 0 0 0
1 4 11 17 24 31 38 46 0 0 0 0 0 0 0 0 0 0 0 0 0 0 0 0 0 0 0 0 0 0 0 0
2 3 5 11 13 16 17 18 19 20 21 22 23 24 26 28 29 30 32 33 34 36 37 38 39 40 41 43 44 47 48 0
1 3 5 7 8 11 14 15 16 19 21 22 26 27 29 33 34 35 36 39 40 42 43 44 45 47 48 0 0 0 0 0
1 4 5 10 11 17 19 22 24 31 34 38 39 46 48 0 0 0 0 0 0 0 0 0 0 0 0 0 0 0 0 0
2 4 5 9 11 13 14 17 18 20 21 23 24 28 29 30 32 33 34 38 39 40 41 42 43 46 48 0 0 0 0 0
2 3 4 8 12 13 14 15 18 19 21 23 24 25 26 30 33 35 37 38 39 40 41 42 44 46 47 0 0 0 0 0
1 3 4 8 11 17 18 24 28 30 31 38 40 46 47 0 0 0 0 0 0 0 0 0 0 0 0 0 0 0 0 0
1 0 0 0 0 0 0 0 0 0 0 0 0 0 0 0 0 0 0 0 0 0 0 0 0 0 0 0 0 0 0 0
2 0 0 0 0 0 0 0 0 0 0 0 0 0 0 0 0 0 0 0 0 0 0 0 0 0 0 0 0 0 0 0
3 4 5 8 9 11 14 15 16 19 20 22 25 26 29 34 35 36 37 42 43 44 45 0 0 0 0 0 0 0 0 0
3 4 6 8 10 12 14 18 19 20 21 22 23 24 25 30 32 35 37 39 41 42 44 0 0 0 0 0 0 0 0 0
3 5 6 7 8 11 12 15 17 18 20 23 25 26 28 31 32 34 37 38 41 43 44 0 0 0 0 0 0 0 0 0
3 0 0 0 0 0 0 0 0 0 0 0 0 0 0 0 0 0 0 0 0 0 0 0 0 0 0 0 0 0 0 0
4 5 6 11 12 13 14 16 17 20 21 24 25 28 29 32 33 34 35 40 41 42 43 0 0 0 0 0 0 0 0 0
4 0 0 0 0 0 0 0 0 0 0 0 0 0 0 0 0 0 0 0 0 0 0 0 0 0 0 0 0 0 0 0
5 0 0 0 0 0 0 0 0 0 0 0 0 0 0 0 0 0 0 0 0 0 0 0 0 0 0 0 0 0 0 0
6 0 0 0 0 0 0 0 0 0 0 0 0 0 0 0 0 0 0 0 0 0 0 0 0 0 0 0 0 0 0 0
7 0 0 0 0 0 0 0 0 0 0 0 0 0 0 0 0 0 0 0 0 0 0 0 0 0 0 0 0 0 0 0
8 0 0 0 0 0 0 0 0 0 0 0 0 0 0 0 0 0 0 0 0 0 0 0 0 0 0 0 0 0 0 0
9 0 0 0 0 0 0 0 0 0 0 0 0 0 0 0 0 0 0 0 0 0 0 0 0 0 0 0 0 0 0 0
10 0 0 0 0 0 0 0 0 0 0 0 0 0 0 0 0 0 0 0 0 0 0 0 0 0 0 0 0 0 0 0
11 0 0 0 0 0 0 0 0 0 0 0 0 0 0 0 0 0 0 0 0 0 0 0 0 0 0 0 0 0 0 0
12 0 0 0 0 0 0 0 0 0 0 0 0 0 0 0 0 0 0 0 0 0 0 0 0 0 0 0 0 0 0 0
13 0 0 0 0 0 0 0 0 0 0 0 0 0 0 0 0 0 0 0 0 0 0 0 0 0 0 0 0 0 0 0
14 0 0 0 0 0 0 0 0 0 0 0 0 0 0 0 0 0 0 0 0 0 0 0 0 0 0 0 0 0 0 0
15 16 17 18 19 20 21 22 23 24 25 26 27 28 29 30 31 32 33 34 35 36 37 38 39 40 41 42 43 44 45 0
15 0 0 0 0 0 0 0 0 0 0 0 0 0 0 0 0 0 0 0 0 0 0 0 0 0 0 0 0 0 0 0
16 0 0 0 0 0 0 0 0 0 0 0 0 0 0 0 0 0 0 0 0 0 0 0 0 0 0 0 0 0 0 0
17 0 0 0 0 0 0 0 0 0 0 0 0 0 0 0 0 0 0 0 0 0 0 0 0 0 0 0 0 0 0 0
18 0 0 0 0 0 0 0 0 0 0 0 0 0 0 0 0 0 0 0 0 0 0 0 0 0 0 0 0 0 0 0
19 0 0 0 0 0 0 0 0 0 0 0 0 0 0 0 0 0 0 0 0 0 0 0 0 0 0 0 0 0 0 0
20 0 0 0 0 0 0 0 0 0 0 0 0 0 0 0 0 0 0 0 0 0 0 0 0 0 0 0 0 0 0 0
21 0 0 0 0 0 0 0 0 0 0 0 0 0 0 0 0 0 0 0 0 0 0 0 0 0 0 0 0 0 0 0
22 0 0 0 0 0 0 0 0 0 0 0 0 0 0 0 0 0 0 0 0 0 0 0 0 0 0 0 0 0 0 0
23 0 0 0 0 0 0 0 0 0 0 0 0 0 0 0 0 0 0 0 0 0 0 0 0 0 0 0 0 0 0 0
24 0 0 0 0 0 0 0 0 0 0 0 0 0 0 0 0 0 0 0 0 0 0 0 0 0 0 0 0 0 0 0
25 0 0 0 0 0 0 0 0 0 0 0 0 0 0 0 0 0 0 0 0 0 0 0 0 0 0 0 0 0 0 0
26 0 0 0 0 0 0 0 0 0 0 0 0 0 0 0 0 0 0 0 0 0 0 0 0 0 0 0 0 0 0 0
27 0 0 0 0 0 0 0 0 0 0 0 0 0 0 0 0 0 0 0 0 0 0 0 0 0 0 0 0 0 0 0
28 0 0 0 0 0 0 0 0 0 0 0 0 0 0 0 0 0 0 0 0 0 0 0 0 0 0 0 0 0 0 0
29 0 0 0 0 0 0 0 0 0 0 0 0 0 0 0 0 0 0 0 0 0 0 0 0 0 0 0 0 0 0 0
30 0 0 0 0 0 0 0 0 0 0 0 0 0 0 0 0 0 0 0 0 0 0 0 0 0 0 0 0 0 0 0
31 0 0 0 0 0 0 0 0 0 0 0 0 0 0 0 0 0 0 0 0 0 0 0 0 0 0 0 0 0 0 0
32 0 0 0 0 0 0 0 0 0 0 0 0 0 0 0 0 0 0 0 0 0 0 0 0 0 0 0 0 0 0 0
33 0 0 0 0 0 0 0 0 0 0 0 0 0 0 0 0 0 0 0 0 0 0 0 0 0 0 0 0 0 0 0
34 0 0 0 0 0 0 0 0 0 0 0 0 0 0 0 0 0 0 0 0 0 0 0 0 0 0 0 0 0 0 0
35 0 0 0 0 0 0 0 0 0 0 0 0 0 0 0 0 0 0 0 0 0 0 0 0 0 0 0 0 0 0 0
36 0 0 0 0 0 0 0 0 0 0 0 0 0 0 0 0 0 0 0 0 0 0 0 0 0 0 0 0 0 0 0
37 0 0 0 0 0 0 0 0 0 0 0 0 0 0 0 0 0 0 0 0 0 0 0 0 0 0 0 0 0 0 0
38 0 0 0 0 0 0 0 0 0 0 0 0 0 0 0 0 0 0 0 0 0 0 0 0 0 0 0 0 0 0 0
39 0 0 0 0 0 0 0 0 0 0 0 0 0 0 0 0 0 0 0 0 0 0 0 0 0 0 0 0 0 0 0
40 0 0 0 0 0 0 0 0 0 0 0 0 0 0 0 0 0 0 0 0 0 0 0 0 0 0 0 0 0 0 0
41 0 0 0 0 0 0 0 0 0 0 0 0 0 0 0 0 0 0 0 0 0 0 0 0 0 0 0 0 0 0 0
42 0 0 0 0 0 0 0 0 0 0 0 0 0 0 0 0 0 0 0 0 0 0 0 0 0 0 0 0 0 0 0
43 0 0 0 0 0 0 0 0 0 0 0 0 0 0 0 0 0 0 0 0 0 0 0 0 0 0 0 0 0 0 0
44 0 0 0 0 0 0 0 0 0 0 0 0 0 0 0 0 0 0 0 0 0 0 0 0 0 0 0 0 0 0 0
45 0 0 0 0 0 0 0 0 0 0 0 0 0 0 0 0 0 0 0 0 0 0 0 0 0 0 0 0 0 0 0
46 0 0 0 0 0 0 0 0 0 0 0 0 0 0 0 0 0 0 0 0 0 0 0 0 0 0 0 0 0 0 0
47 0 0 0 0 0 0 0 0 0 0 0 0 0 0 0 0 0 0 0 0 0 0 0 0 0 0 0 0 0 0 0
48 0 0 0 0 0 0 0 0 0 0 0 0 0 0 0 0 0 0 0 0 0 0 0 0 0 0 0 0 0 0 0
1 4 5 8 10 11 14 15 0 0 0 0 0 0
2 3 6 7 9 12 13 16 0 0 0 0 0 0
3 4 5 6 9 10 13 14 17 18 19 20 0 0
5 6 7 8 11 12 13 14 17 18 21 22 0 0
2 4 5 7 9 10 11 12 17 19 21 23 0 0
1 4 6 7 18 19 21 24 0 0 0 0 0 0
4 10 19 25 0 0 0 0 0 0 0 0 0 0
4 5 6 10 13 14 17 18 19 26 0 0 0 0
2 12 17 27 0 0 0 0 0 0 0 0 0 0
1 11 18 28 0 0 0 0 0 0 0 0 0 0
2 4 5 7 8 9 10 11 12 14 17 19 21 29
1 4 6 13 18 19 21 30 0 0 0 0 0 0
2 3 7 9 12 13 21 31 0 0 0 0 0 0
1 4 5 6 7 10 12 13 17 18 21 32 0 0
3 5 10 13 17 19 33 34 0 0 0 0 0 0
1 2 3 5 9 10 17 21 33 35 0 0 0 0
1 2 3 4 7 8 9 11 12 14 19 21 33 36
2 3 4 6 9 12 13 14 18 19 33 37 0 0
1 3 5 6 9 10 11 13 17 18 33 38 0 0
1 2 3 4 5 7 9 12 17 18 19 21 33 39
1 2 3 5 6 7 9 10 12 13 18 21 33 40
1 2 3 5 6 9 10 11 17 18 33 41 0 0
1 2 3 4 6 9 12 13 18 19 33 42 0 0
2 3 6 7 8 9 11 12 13 14 18 21 33 43
1 3 4 5 6 13 17 18 19 21 33 44 0 0
3 5 6 9 10 13 17 19 33 45 0 0 0 0
5 10 33 46 0 0 0 0 0 0 0 0 0 0
1 2 3 4 7 9 12 14 19 21 33 47 0 0
1 2 3 5 7 9 10 12 17 21 33 48 0 0
2 3 4 6 7 9 12 13 14 18 33 49 0 0
1 4 8 11 14 19 33 50 0 0 0 0 0 0
1 2 3 4 7 9 12 18 19 21 33 51 0 0
1 2 3 5 7 9 10 12 13 21 33 52 0 0
2 3 4 5 7 9 10 11 12 17 19 21 33 53
1 3 5 6 7 10 13 17 18 21 33 54 0 0
2 3 5 9 10 17 33 55 0 0 0 0 0 0
1 3 4 5 6 9 13 17 18 19 33 56 0 0
1 2 3 4 6 8 9 11 12 13 14 19 33 57
1 2 3 5 6 7 9 10 11 12 13 18 33 58
1 2 3 7 9 10 12 13 14 21 33 59 0 0
1 2 3 4 6 7 9 12 13 18 19 21 33 60
1 5 6 7 10 12 13 17 18 21 33 61 0 0
2 3 5 7 9 10 12 17 19 21 33 62 0 0
3 4 5 6 9 10 13 17 18 19 33 63 0 0
3 5 10 17 33 64 0 0 0 0 0 0 0 0
1 2 7 8 11 12 13 14 65 0 0 0 0 0
1 2 5 6 9 10 13 14 66 0 0 0 0 0
1 2 3 4 9 10 11 12 67 0 0 0 0 0
