512 448
19 5
11 11 11 11 11 11 11 11 11 11 11 11 11 11 11 11 1 1 1 1 1 1 1 1 1 1 1 1 1 1 1 1 11 11 11 11 11 11 11 11 11 11 11 11 11 11 11 11 1 1 1 1 1 1 1 1 1 1 1 1 1 1 1 1 19 19 19 19 19 19 19 19 19 19 19 19 19 19 19 19 1 1 1 1 1 1 1 1 1 1 1 1 1 1 1 1 19 19 19 19 19 19 19 19 19 19 19 19 19 19 19 19 1 1 1 1 1 1 1 1 1 1 1 1 1 1 1 1 1 1 1 1 1 1 1 1 1 1 1 1 1 1 1 1 1 1 1 1 1 1 1 1 1 1 1 1 1 1 1 1 1 1 1 1 1 1 1 1 1 1 1 1 1 1 1 1 1 1 1 1 1 1 1 1 1 1 1 1 1 1 1 1 1 1 1 1 1 1 1 1 1 1 1 1 1 1 1 1 1 1 1 1 1 1 1 1 1 1 1 1 1 1 1 1 1 1 1 1 1 1 1 1 1 1 1 1 1 1 1 1 1 1 1 1 1 1 1 1 1 1 1 1 1 1 1 1 1 1 1 1 1 1 1 1 1 1 1 1 1 1 1 1 1 1 1 1 1 1 1 1 1 1 1 1 1 1 1 1 1 1 1 1 1 1 1 1 1 1 1 1 1 1 1 1 1 1 1 1 1 1 1 1 1 1 1 1 1 1 1 1 1 1 1 1 1 1 1 1 1 1 1 1 1 1 1 1 1 1 1 1 1 1 1 1 1 1 1 1 1 1 1 1 1 1 1 1 1 1 1 1 1 1 1 1 1 1 1 1 1 1 1 1 1 1 1 1 1 1 1 1 1 1 1 1 1 1 1 1 1 1 1 1 1 1 1 1 1 1 1 1 1 1 1 1 1 1 1 1 1 1 1 1 1 1 1 1 1 1 1 1 1 1 1 1 1 1 1 1 1 1 1 1 1 1 1 1 1 1 1 1 1 1 1 1 1 1 1 1 1 1 1 1 1 1 1 1 1 1 1 1 1 1 1 1 1 1 1 1 1 1 1 1 1 1 1 1 1 1 1 1 1 1 1 1 1 1 1 1 1 1 1 1 1 1 1 1 1 1 1 1 1 1 1 1 1 1 1 1 1 1 1 1 
2 2 2 2 2 2 2 2 2 2 2 2 2 2 2 2 2 2 2 2 2 2 2 2 2 2 2 2 2 2 2 2 3 3 3 3 3 3 3 3 3 3 3 3 3 3 3 3 3 3 3 3 3 3 3 3 3 3 3 3 3 3 3 3 4 4 4 4 4 4 4 4 4 4 4 4 4 4 4 4 4 4 4 4 4 4 4 4 4 4 4 4 4 4 4 4 4 4 4 4 4 4 4 4 4 4 4 4 4 4 4 4 4 4 4 4 4 4 4 4 4 4 4 4 4 4 4 4 3 3 3 3 3 3 3 3 3 3 3 3 3 3 3 3 2 2 2 2 2 2 2 2 2 2 2 2 2 2 2 2 3 3 3 3 3 3 3 3 3 3 3 3 3 3 3 3 2 2 2 2 2 2 2 2 2 2 2 2 2 2 2 2 2 2 2 2 2 2 2 2 2 2 2 2 2 2 2 2 3 3 3 3 3 3 3 3 3 3 3 3 3 3 3 3 2 2 2 2 2 2 2 2 2 2 2 2 2 2 2 2 3 3 3 3 3 3 3 3 3 3 3 3 3 3 3 3 5 5 5 5 5 5 5 5 5 5 5 5 5 5 5 5 3 3 3 3 3 3 3 3 3 3 3 3 3 3 3 3 5 5 5 5 5 5 5 5 5 5 5 5 5 5 5 5 3 3 3 3 3 3 3 3 3 3 3 3 3 3 3 3 3 3 3 3 3 3 3 3 3 3 3 3 3 3 3 3 2 2 2 2 2 2 2 2 2 2 2 2 2 2 2 2 3 3 3 3 3 3 3 3 3 3 3 3 3 3 3 3 2 2 2 2 2 2 2 2 2 2 2 2 2 2 2 2 4 4 4 4 4 4 4 4 4 4 4 4 4 4 4 4 4 4 4 4 4 4 4 4 4 4 4 4 4 4 4 4 4 4 4 4 4 4 4 4 4 4 4 4 4 4 4 4 4 4 4 4 4 4 4 4 4 4 4 4 4 4 4 4 
13 46 77 93 139 252 295 299 323 422 443 0 0 0 0 0 0 0 0
14 45 78 94 140 251 296 300 324 421 444 0 0 0 0 0 0 0 0
15 48 79 95 137 250 293 297 321 424 441 0 0 0 0 0 0 0 0
16 47 80 96 138 249 294 298 322 423 442 0 0 0 0 0 0 0 0
9 42 73 89 143 256 291 303 327 418 447 0 0 0 0 0 0 0 0
10 41 74 90 144 255 292 304 328 417 448 0 0 0 0 0 0 0 0
11 44 75 91 141 254 289 301 325 420 445 0 0 0 0 0 0 0 0
12 43 76 92 142 253 290 302 326 419 446 0 0 0 0 0 0 0 0
5 38 69 85 131 244 291 303 331 430 435 0 0 0 0 0 0 0 0
6 37 70 86 132 243 292 304 332 429 436 0 0 0 0 0 0 0 0
7 40 71 87 129 242 289 301 329 432 433 0 0 0 0 0 0 0 0
8 39 72 88 130 241 290 302 330 431 434 0 0 0 0 0 0 0 0
1 34 65 81 135 248 295 299 335 426 439 0 0 0 0 0 0 0 0
2 33 66 82 136 247 296 300 336 425 440 0 0 0 0 0 0 0 0
3 36 67 83 133 246 293 297 333 428 437 0 0 0 0 0 0 0 0
4 35 68 84 134 245 294 298 334 427 438 0 0 0 0 0 0 0 0
1 0 0 0 0 0 0 0 0 0 0 0 0 0 0 0 0 0 0
2 0 0 0 0 0 0 0 0 0 0 0 0 0 0 0 0 0 0
3 0 0 0 0 0 0 0 0 0 0 0 0 0 0 0 0 0 0
4 0 0 0 0 0 0 0 0 0 0 0 0 0 0 0 0 0 0
5 0 0 0 0 0 0 0 0 0 0 0 0 0 0 0 0 0 0
6 0 0 0 0 0 0 0 0 0 0 0 0 0 0 0 0 0 0
7 0 0 0 0 0 0 0 0 0 0 0 0 0 0 0 0 0 0
8 0 0 0 0 0 0 0 0 0 0 0 0 0 0 0 0 0 0
9 0 0 0 0 0 0 0 0 0 0 0 0 0 0 0 0 0 0
10 0 0 0 0 0 0 0 0 0 0 0 0 0 0 0 0 0 0
11 0 0 0 0 0 0 0 0 0 0 0 0 0 0 0 0 0 0
12 0 0 0 0 0 0 0 0 0 0 0 0 0 0 0 0 0 0
13 0 0 0 0 0 0 0 0 0 0 0 0 0 0 0 0 0 0
14 0 0 0 0 0 0 0 0 0 0 0 0 0 0 0 0 0 0
15 0 0 0 0 0 0 0 0 0 0 0 0 0 0 0 0 0 0
16 0 0 0 0 0 0 0 0 0 0 0 0 0 0 0 0 0 0
29 62 109 125 171 220 263 267 355 390 411 0 0 0 0 0 0 0 0
30 61 110 126 172 219 264 268 356 389 412 0 0 0 0 0 0 0 0
31 64 111 127 169 218 261 265 353 392 409 0 0 0 0 0 0 0 0
32 63 112 128 170 217 262 266 354 391 410 0 0 0 0 0 0 0 0
25 58 105 121 175 224 259 271 359 386 415 0 0 0 0 0 0 0 0
26 57 106 122 176 223 260 272 360 385 416 0 0 0 0 0 0 0 0
27 60 107 123 173 222 257 269 357 388 413 0 0 0 0 0 0 0 0
28 59 108 124 174 221 258 270 358 387 414 0 0 0 0 0 0 0 0
21 54 101 117 163 212 259 271 363 398 403 0 0 0 0 0 0 0 0
22 53 102 118 164 211 260 272 364 397 404 0 0 0 0 0 0 0 0
23 56 103 119 161 210 257 269 361 400 401 0 0 0 0 0 0 0 0
24 55 104 120 162 209 258 270 362 399 402 0 0 0 0 0 0 0 0
17 50 97 113 167 216 263 267 367 394 407 0 0 0 0 0 0 0 0
18 49 98 114 168 215 264 268 368 393 408 0 0 0 0 0 0 0 0
19 52 99 115 165 214 261 265 365 396 405 0 0 0 0 0 0 0 0
20 51 100 116 166 213 262 266 366 395 406 0 0 0 0 0 0 0 0
17 0 0 0 0 0 0 0 0 0 0 0 0 0 0 0 0 0 0
18 0 0 0 0 0 0 0 0 0 0 0 0 0 0 0 0 0 0
19 0 0 0 0 0 0 0 0 0 0 0 0 0 0 0 0 0 0
20 0 0 0 0 0 0 0 0 0 0 0 0 0 0 0 0 0 0
21 0 0 0 0 0 0 0 0 0 0 0 0 0 0 0 0 0 0
22 0 0 0 0 0 0 0 0 0 0 0 0 0 0 0 0 0 0
23 0 0 0 0 0 0 0 0 0 0 0 0 0 0 0 0 0 0
24 0 0 0 0 0 0 0 0 0 0 0 0 0 0 0 0 0 0
25 0 0 0 0 0 0 0 0 0 0 0 0 0 0 0 0 0 0
26 0 0 0 0 0 0 0 0 0 0 0 0 0 0 0 0 0 0
27 0 0 0 0 0 0 0 0 0 0 0 0 0 0 0 0 0 0
28 0 0 0 0 0 0 0 0 0 0 0 0 0 0 0 0 0 0
29 0 0 0 0 0 0 0 0 0 0 0 0 0 0 0 0 0 0
30 0 0 0 0 0 0 0 0 0 0 0 0 0 0 0 0 0 0
31 0 0 0 0 0 0 0 0 0 0 0 0 0 0 0 0 0 0
32 0 0 0 0 0 0 0 0 0 0 0 0 0 0 0 0 0 0
45 66 78 82 94 140 152 231 251 296 300 312 316 324 352 421 424 441 444
46 65 77 81 93 139 151 232 252 295 299 311 315 323 351 422 423 442 443
47 68 80 84 96 138 150 229 249 294 298 310 314 322 350 422 423 442 443
48 67 79 83 95 137 149 230 250 293 297 309 313 321 349 421 424 441 444
41 70 74 86 90 144 148 227 255 292 304 308 320 328 348 417 420 445 448
42 69 73 85 89 143 147 228 256 291 303 307 319 327 347 418 419 446 447
43 72 76 88 92 142 146 225 253 290 302 306 318 326 346 418 419 446 447
44 71 75 87 91 141 145 226 254 289 301 305 317 325 345 417 420 445 448
37 70 74 86 90 132 160 239 243 292 304 308 320 332 344 429 432 433 436
38 69 73 85 89 131 159 240 244 291 303 307 319 331 343 430 431 434 435
39 72 76 88 92 130 158 237 241 290 302 306 318 330 342 430 431 434 435
40 71 75 87 91 129 157 238 242 289 301 305 317 329 341 429 432 433 436
33 66 78 82 94 136 156 235 247 296 300 312 316 336 340 425 428 437 440
34 65 77 81 93 135 155 236 248 295 299 311 315 335 339 426 427 438 439
35 68 80 84 96 134 154 233 245 294 298 310 314 334 338 426 427 438 439
36 67 79 83 95 133 153 234 246 293 297 309 313 333 337 425 428 437 440
33 0 0 0 0 0 0 0 0 0 0 0 0 0 0 0 0 0 0
34 0 0 0 0 0 0 0 0 0 0 0 0 0 0 0 0 0 0
35 0 0 0 0 0 0 0 0 0 0 0 0 0 0 0 0 0 0
36 0 0 0 0 0 0 0 0 0 0 0 0 0 0 0 0 0 0
37 0 0 0 0 0 0 0 0 0 0 0 0 0 0 0 0 0 0
38 0 0 0 0 0 0 0 0 0 0 0 0 0 0 0 0 0 0
39 0 0 0 0 0 0 0 0 0 0 0 0 0 0 0 0 0 0
40 0 0 0 0 0 0 0 0 0 0 0 0 0 0 0 0 0 0
41 0 0 0 0 0 0 0 0 0 0 0 0 0 0 0 0 0 0
42 0 0 0 0 0 0 0 0 0 0 0 0 0 0 0 0 0 0
43 0 0 0 0 0 0 0 0 0 0 0 0 0 0 0 0 0 0
44 0 0 0 0 0 0 0 0 0 0 0 0 0 0 0 0 0 0
45 0 0 0 0 0 0 0 0 0 0 0 0 0 0 0 0 0 0
46 0 0 0 0 0 0 0 0 0 0 0 0 0 0 0 0 0 0
47 0 0 0 0 0 0 0 0 0 0 0 0 0 0 0 0 0 0
48 0 0 0 0 0 0 0 0 0 0 0 0 0 0 0 0 0 0
61 98 110 114 126 172 184 199 219 264 268 280 284 356 384 389 392 409 412
62 97 109 113 125 171 183 200 220 263 267 279 283 355 383 390 391 410 411
63 100 112 116 128 170 182 197 217 262 266 278 282 354 382 390 391 410 411
64 99 111 115 127 169 181 198 218 261 265 277 281 353 381 389 392 409 412
57 102 106 118 122 176 180 195 223 260 272 276 288 360 380 385 388 413 416
58 101 105 117 121 175 179 196 224 259 271 275 287 359 379 386 387 414 415
59 104 108 120 124 174 178 193 221 258 270 274 286 358 378 386 387 414 415
60 103 107 119 123 173 177 194 222 257 269 273 285 357 377 385 388 413 416
53 102 106 118 122 164 192 207 211 260 272 276 288 364 376 397 400 401 404
54 101 105 117 121 163 191 208 212 259 271 275 287 363 375 398 399 402 403
55 104 108 120 124 162 190 205 209 258 270 274 286 362 374 398 399 402 403
56 103 107 119 123 161 189 206 210 257 269 273 285 361 373 397 400 401 404
49 98 110 114 126 168 188 203 215 264 268 280 284 368 372 393 396 405 408
50 97 109 113 125 167 187 204 216 263 267 279 283 367 371 394 395 406 407
51 100 112 116 128 166 186 201 213 262 266 278 282 366 370 394 395 406 407
52 99 111 115 127 165 185 202 214 261 265 277 281 365 369 393 396 405 408
49 0 0 0 0 0 0 0 0 0 0 0 0 0 0 0 0 0 0
50 0 0 0 0 0 0 0 0 0 0 0 0 0 0 0 0 0 0
51 0 0 0 0 0 0 0 0 0 0 0 0 0 0 0 0 0 0
52 0 0 0 0 0 0 0 0 0 0 0 0 0 0 0 0 0 0
53 0 0 0 0 0 0 0 0 0 0 0 0 0 0 0 0 0 0
54 0 0 0 0 0 0 0 0 0 0 0 0 0 0 0 0 0 0
55 0 0 0 0 0 0 0 0 0 0 0 0 0 0 0 0 0 0
56 0 0 0 0 0 0 0 0 0 0 0 0 0 0 0 0 0 0
57 0 0 0 0 0 0 0 0 0 0 0 0 0 0 0 0 0 0
58 0 0 0 0 0 0 0 0 0 0 0 0 0 0 0 0 0 0
59 0 0 0 0 0 0 0 0 0 0 0 0 0 0 0 0 0 0
60 0 0 0 0 0 0 0 0 0 0 0 0 0 0 0 0 0 0
61 0 0 0 0 0 0 0 0 0 0 0 0 0 0 0 0 0 0
62 0 0 0 0 0 0 0 0 0 0 0 0 0 0 0 0 0 0
63 0 0 0 0 0 0 0 0 0 0 0 0 0 0 0 0 0 0
64 0 0 0 0 0 0 0 0 0 0 0 0 0 0 0 0 0 0
65 0 0 0 0 0 0 0 0 0 0 0 0 0 0 0 0 0 0
66 0 0 0 0 0 0 0 0 0 0 0 0 0 0 0 0 0 0
67 0 0 0 0 0 0 0 0 0 0 0 0 0 0 0 0 0 0
68 0 0 0 0 0 0 0 0 0 0 0 0 0 0 0 0 0 0
69 0 0 0 0 0 0 0 0 0 0 0 0 0 0 0 0 0 0
70 0 0 0 0 0 0 0 0 0 0 0 0 0 0 0 0 0 0
71 0 0 0 0 0 0 0 0 0 0 0 0 0 0 0 0 0 0
72 0 0 0 0 0 0 0 0 0 0 0 0 0 0 0 0 0 0
73 0 0 0 0 0 0 0 0 0 0 0 0 0 0 0 0 0 0
74 0 0 0 0 0 0 0 0 0 0 0 0 0 0 0 0 0 0
75 0 0 0 0 0 0 0 0 0 0 0 0 0 0 0 0 0 0
76 0 0 0 0 0 0 0 0 0 0 0 0 0 0 0 0 0 0
77 0 0 0 0 0 0 0 0 0 0 0 0 0 0 0 0 0 0
78 0 0 0 0 0 0 0 0 0 0 0 0 0 0 0 0 0 0
79 0 0 0 0 0 0 0 0 0 0 0 0 0 0 0 0 0 0
80 0 0 0 0 0 0 0 0 0 0 0 0 0 0 0 0 0 0
81 0 0 0 0 0 0 0 0 0 0 0 0 0 0 0 0 0 0
82 0 0 0 0 0 0 0 0 0 0 0 0 0 0 0 0 0 0
83 0 0 0 0 0 0 0 0 0 0 0 0 0 0 0 0 0 0
84 0 0 0 0 0 0 0 0 0 0 0 0 0 0 0 0 0 0
85 0 0 0 0 0 0 0 0 0 0 0 0 0 0 0 0 0 0
86 0 0 0 0 0 0 0 0 0 0 0 0 0 0 0 0 0 0
87 0 0 0 0 0 0 0 0 0 0 0 0 0 0 0 0 0 0
88 0 0 0 0 0 0 0 0 0 0 0 0 0 0 0 0 0 0
89 0 0 0 0 0 0 0 0 0 0 0 0 0 0 0 0 0 0
90 0 0 0 0 0 0 0 0 0 0 0 0 0 0 0 0 0 0
91 0 0 0 0 0 0 0 0 0 0 0 0 0 0 0 0 0 0
92 0 0 0 0 0 0 0 0 0 0 0 0 0 0 0 0 0 0
93 0 0 0 0 0 0 0 0 0 0 0 0 0 0 0 0 0 0
94 0 0 0 0 0 0 0 0 0 0 0 0 0 0 0 0 0 0
95 0 0 0 0 0 0 0 0 0 0 0 0 0 0 0 0 0 0
96 0 0 0 0 0 0 0 0 0 0 0 0 0 0 0 0 0 0
97 0 0 0 0 0 0 0 0 0 0 0 0 0 0 0 0 0 0
98 0 0 0 0 0 0 0 0 0 0 0 0 0 0 0 0 0 0
99 0 0 0 0 0 0 0 0 0 0 0 0 0 0 0 0 0 0
100 0 0 0 0 0 0 0 0 0 0 0 0 0 0 0 0 0 0
101 0 0 0 0 0 0 0 0 0 0 0 0 0 0 0 0 0 0
102 0 0 0 0 0 0 0 0 0 0 0 0 0 0 0 0 0 0
103 0 0 0 0 0 0 0 0 0 0 0 0 0 0 0 0 0 0
104 0 0 0 0 0 0 0 0 0 0 0 0 0 0 0 0 0 0
105 0 0 0 0 0 0 0 0 0 0 0 0 0 0 0 0 0 0
106 0 0 0 0 0 0 0 0 0 0 0 0 0 0 0 0 0 0
107 0 0 0 0 0 0 0 0 0 0 0 0 0 0 0 0 0 0
108 0 0 0 0 0 0 0 0 0 0 0 0 0 0 0 0 0 0
109 0 0 0 0 0 0 0 0 0 0 0 0 0 0 0 0 0 0
110 0 0 0 0 0 0 0 0 0 0 0 0 0 0 0 0 0 0
111 0 0 0 0 0 0 0 0 0 0 0 0 0 0 0 0 0 0
112 0 0 0 0 0 0 0 0 0 0 0 0 0 0 0 0 0 0
113 0 0 0 0 0 0 0 0 0 0 0 0 0 0 0 0 0 0
114 0 0 0 0 0 0 0 0 0 0 0 0 0 0 0 0 0 0
115 0 0 0 0 0 0 0 0 0 0 0 0 0 0 0 0 0 0
116 0 0 0 0 0 0 0 0 0 0 0 0 0 0 0 0 0 0
117 0 0 0 0 0 0 0 0 0 0 0 0 0 0 0 0 0 0
118 0 0 0 0 0 0 0 0 0 0 0 0 0 0 0 0 0 0
119 0 0 0 0 0 0 0 0 0 0 0 0 0 0 0 0 0 0
120 0 0 0 0 0 0 0 0 0 0 0 0 0 0 0 0 0 0
121 0 0 0 0 0 0 0 0 0 0 0 0 0 0 0 0 0 0
122 0 0 0 0 0 0 0 0 0 0 0 0 0 0 0 0 0 0
123 0 0 0 0 0 0 0 0 0 0 0 0 0 0 0 0 0 0
124 0 0 0 0 0 0 0 0 0 0 0 0 0 0 0 0 0 0
125 0 0 0 0 0 0 0 0 0 0 0 0 0 0 0 0 0 0
126 0 0 0 0 0 0 0 0 0 0 0 0 0 0 0 0 0 0
127 0 0 0 0 0 0 0 0 0 0 0 0 0 0 0 0 0 0
128 0 0 0 0 0 0 0 0 0 0 0 0 0 0 0 0 0 0
129 0 0 0 0 0 0 0 0 0 0 0 0 0 0 0 0 0 0
130 0 0 0 0 0 0 0 0 0 0 0 0 0 0 0 0 0 0
131 0 0 0 0 0 0 0 0 0 0 0 0 0 0 0 0 0 0
132 0 0 0 0 0 0 0 0 0 0 0 0 0 0 0 0 0 0
133 0 0 0 0 0 0 0 0 0 0 0 0 0 0 0 0 0 0
134 0 0 0 0 0 0 0 0 0 0 0 0 0 0 0 0 0 0
135 0 0 0 0 0 0 0 0 0 0 0 0 0 0 0 0 0 0
136 0 0 0 0 0 0 0 0 0 0 0 0 0 0 0 0 0 0
137 0 0 0 0 0 0 0 0 0 0 0 0 0 0 0 0 0 0
138 0 0 0 0 0 0 0 0 0 0 0 0 0 0 0 0 0 0
139 0 0 0 0 0 0 0 0 0 0 0 0 0 0 0 0 0 0
140 0 0 0 0 0 0 0 0 0 0 0 0 0 0 0 0 0 0
141 0 0 0 0 0 0 0 0 0 0 0 0 0 0 0 0 0 0
142 0 0 0 0 0 0 0 0 0 0 0 0 0 0 0 0 0 0
143 0 0 0 0 0 0 0 0 0 0 0 0 0 0 0 0 0 0
144 0 0 0 0 0 0 0 0 0 0 0 0 0 0 0 0 0 0
145 0 0 0 0 0 0 0 0 0 0 0 0 0 0 0 0 0 0
146 0 0 0 0 0 0 0 0 0 0 0 0 0 0 0 0 0 0
147 0 0 0 0 0 0 0 0 0 0 0 0 0 0 0 0 0 0
148 0 0 0 0 0 0 0 0 0 0 0 0 0 0 0 0 0 0
149 0 0 0 0 0 0 0 0 0 0 0 0 0 0 0 0 0 0
150 0 0 0 0 0 0 0 0 0 0 0 0 0 0 0 0 0 0
151 0 0 0 0 0 0 0 0 0 0 0 0 0 0 0 0 0 0
152 0 0 0 0 0 0 0 0 0 0 0 0 0 0 0 0 0 0
153 0 0 0 0 0 0 0 0 0 0 0 0 0 0 0 0 0 0
154 0 0 0 0 0 0 0 0 0 0 0 0 0 0 0 0 0 0
155 0 0 0 0 0 0 0 0 0 0 0 0 0 0 0 0 0 0
156 0 0 0 0 0 0 0 0 0 0 0 0 0 0 0 0 0 0
157 0 0 0 0 0 0 0 0 0 0 0 0 0 0 0 0 0 0
158 0 0 0 0 0 0 0 0 0 0 0 0 0 0 0 0 0 0
159 0 0 0 0 0 0 0 0 0 0 0 0 0 0 0 0 0 0
160 0 0 0 0 0 0 0 0 0 0 0 0 0 0 0 0 0 0
161 0 0 0 0 0 0 0 0 0 0 0 0 0 0 0 0 0 0
162 0 0 0 0 0 0 0 0 0 0 0 0 0 0 0 0 0 0
163 0 0 0 0 0 0 0 0 0 0 0 0 0 0 0 0 0 0
164 0 0 0 0 0 0 0 0 0 0 0 0 0 0 0 0 0 0
165 0 0 0 0 0 0 0 0 0 0 0 0 0 0 0 0 0 0
166 0 0 0 0 0 0 0 0 0 0 0 0 0 0 0 0 0 0
167 0 0 0 0 0 0 0 0 0 0 0 0 0 0 0 0 0 0
168 0 0 0 0 0 0 0 0 0 0 0 0 0 0 0 0 0 0
169 0 0 0 0 0 0 0 0 0 0 0 0 0 0 0 0 0 0
170 0 0 0 0 0 0 0 0 0 0 0 0 0 0 0 0 0 0
171 0 0 0 0 0 0 0 0 0 0 0 0 0 0 0 0 0 0
172 0 0 0 0 0 0 0 0 0 0 0 0 0 0 0 0 0 0
173 0 0 0 0 0 0 0 0 0 0 0 0 0 0 0 0 0 0
174 0 0 0 0 0 0 0 0 0 0 0 0 0 0 0 0 0 0
175 0 0 0 0 0 0 0 0 0 0 0 0 0 0 0 0 0 0
176 0 0 0 0 0 0 0 0 0 0 0 0 0 0 0 0 0 0
177 0 0 0 0 0 0 0 0 0 0 0 0 0 0 0 0 0 0
178 0 0 0 0 0 0 0 0 0 0 0 0 0 0 0 0 0 0
179 0 0 0 0 0 0 0 0 0 0 0 0 0 0 0 0 0 0
180 0 0 0 0 0 0 0 0 0 0 0 0 0 0 0 0 0 0
181 0 0 0 0 0 0 0 0 0 0 0 0 0 0 0 0 0 0
182 0 0 0 0 0 0 0 0 0 0 0 0 0 0 0 0 0 0
183 0 0 0 0 0 0 0 0 0 0 0 0 0 0 0 0 0 0
184 0 0 0 0 0 0 0 0 0 0 0 0 0 0 0 0 0 0
185 0 0 0 0 0 0 0 0 0 0 0 0 0 0 0 0 0 0
186 0 0 0 0 0 0 0 0 0 0 0 0 0 0 0 0 0 0
187 0 0 0 0 0 0 0 0 0 0 0 0 0 0 0 0 0 0
188 0 0 0 0 0 0 0 0 0 0 0 0 0 0 0 0 0 0
189 0 0 0 0 0 0 0 0 0 0 0 0 0 0 0 0 0 0
190 0 0 0 0 0 0 0 0 0 0 0 0 0 0 0 0 0 0
191 0 0 0 0 0 0 0 0 0 0 0 0 0 0 0 0 0 0
192 0 0 0 0 0 0 0 0 0 0 0 0 0 0 0 0 0 0
193 0 0 0 0 0 0 0 0 0 0 0 0 0 0 0 0 0 0
194 0 0 0 0 0 0 0 0 0 0 0 0 0 0 0 0 0 0
195 0 0 0 0 0 0 0 0 0 0 0 0 0 0 0 0 0 0
196 0 0 0 0 0 0 0 0 0 0 0 0 0 0 0 0 0 0
197 0 0 0 0 0 0 0 0 0 0 0 0 0 0 0 0 0 0
198 0 0 0 0 0 0 0 0 0 0 0 0 0 0 0 0 0 0
199 0 0 0 0 0 0 0 0 0 0 0 0 0 0 0 0 0 0
200 0 0 0 0 0 0 0 0 0 0 0 0 0 0 0 0 0 0
201 0 0 0 0 0 0 0 0 0 0 0 0 0 0 0 0 0 0
202 0 0 0 0 0 0 0 0 0 0 0 0 0 0 0 0 0 0
203 0 0 0 0 0 0 0 0 0 0 0 0 0 0 0 0 0 0
204 0 0 0 0 0 0 0 0 0 0 0 0 0 0 0 0 0 0
205 0 0 0 0 0 0 0 0 0 0 0 0 0 0 0 0 0 0
206 0 0 0 0 0 0 0 0 0 0 0 0 0 0 0 0 0 0
207 0 0 0 0 0 0 0 0 0 0 0 0 0 0 0 0 0 0
208 0 0 0 0 0 0 0 0 0 0 0 0 0 0 0 0 0 0
209 0 0 0 0 0 0 0 0 0 0 0 0 0 0 0 0 0 0
210 0 0 0 0 0 0 0 0 0 0 0 0 0 0 0 0 0 0
211 0 0 0 0 0 0 0 0 0 0 0 0 0 0 0 0 0 0
212 0 0 0 0 0 0 0 0 0 0 0 0 0 0 0 0 0 0
213 0 0 0 0 0 0 0 0 0 0 0 0 0 0 0 0 0 0
214 0 0 0 0 0 0 0 0 0 0 0 0 0 0 0 0 0 0
215 0 0 0 0 0 0 0 0 0 0 0 0 0 0 0 0 0 0
216 0 0 0 0 0 0 0 0 0 0 0 0 0 0 0 0 0 0
217 0 0 0 0 0 0 0 0 0 0 0 0 0 0 0 0 0 0
218 0 0 0 0 0 0 0 0 0 0 0 0 0 0 0 0 0 0
219 0 0 0 0 0 0 0 0 0 0 0 0 0 0 0 0 0 0
220 0 0 0 0 0 0 0 0 0 0 0 0 0 0 0 0 0 0
221 0 0 0 0 0 0 0 0 0 0 0 0 0 0 0 0 0 0
222 0 0 0 0 0 0 0 0 0 0 0 0 0 0 0 0 0 0
223 0 0 0 0 0 0 0 0 0 0 0 0 0 0 0 0 0 0
224 0 0 0 0 0 0 0 0 0 0 0 0 0 0 0 0 0 0
225 0 0 0 0 0 0 0 0 0 0 0 0 0 0 0 0 0 0
226 0 0 0 0 0 0 0 0 0 0 0 0 0 0 0 0 0 0
227 0 0 0 0 0 0 0 0 0 0 0 0 0 0 0 0 0 0
228 0 0 0 0 0 0 0 0 0 0 0 0 0 0 0 0 0 0
229 0 0 0 0 0 0 0 0 0 0 0 0 0 0 0 0 0 0
230 0 0 0 0 0 0 0 0 0 0 0 0 0 0 0 0 0 0
231 0 0 0 0 0 0 0 0 0 0 0 0 0 0 0 0 0 0
232 0 0 0 0 0 0 0 0 0 0 0 0 0 0 0 0 0 0
233 0 0 0 0 0 0 0 0 0 0 0 0 0 0 0 0 0 0
234 0 0 0 0 0 0 0 0 0 0 0 0 0 0 0 0 0 0
235 0 0 0 0 0 0 0 0 0 0 0 0 0 0 0 0 0 0
236 0 0 0 0 0 0 0 0 0 0 0 0 0 0 0 0 0 0
237 0 0 0 0 0 0 0 0 0 0 0 0 0 0 0 0 0 0
238 0 0 0 0 0 0 0 0 0 0 0 0 0 0 0 0 0 0
239 0 0 0 0 0 0 0 0 0 0 0 0 0 0 0 0 0 0
240 0 0 0 0 0 0 0 0 0 0 0 0 0 0 0 0 0 0
241 0 0 0 0 0 0 0 0 0 0 0 0 0 0 0 0 0 0
242 0 0 0 0 0 0 0 0 0 0 0 0 0 0 0 0 0 0
243 0 0 0 0 0 0 0 0 0 0 0 0 0 0 0 0 0 0
244 0 0 0 0 0 0 0 0 0 0 0 0 0 0 0 0 0 0
245 0 0 0 0 0 0 0 0 0 0 0 0 0 0 0 0 0 0
246 0 0 0 0 0 0 0 0 0 0 0 0 0 0 0 0 0 0
247 0 0 0 0 0 0 0 0 0 0 0 0 0 0 0 0 0 0
248 0 0 0 0 0 0 0 0 0 0 0 0 0 0 0 0 0 0
249 0 0 0 0 0 0 0 0 0 0 0 0 0 0 0 0 0 0
250 0 0 0 0 0 0 0 0 0 0 0 0 0 0 0 0 0 0
251 0 0 0 0 0 0 0 0 0 0 0 0 0 0 0 0 0 0
252 0 0 0 0 0 0 0 0 0 0 0 0 0 0 0 0 0 0
253 0 0 0 0 0 0 0 0 0 0 0 0 0 0 0 0 0 0
254 0 0 0 0 0 0 0 0 0 0 0 0 0 0 0 0 0 0
255 0 0 0 0 0 0 0 0 0 0 0 0 0 0 0 0 0 0
256 0 0 0 0 0 0 0 0 0 0 0 0 0 0 0 0 0 0
257 0 0 0 0 0 0 0 0 0 0 0 0 0 0 0 0 0 0
258 0 0 0 0 0 0 0 0 0 0 0 0 0 0 0 0 0 0
259 0 0 0 0 0 0 0 0 0 0 0 0 0 0 0 0 0 0
260 0 0 0 0 0 0 0 0 0 0 0 0 0 0 0 0 0 0
261 0 0 0 0 0 0 0 0 0 0 0 0 0 0 0 0 0 0
262 0 0 0 0 0 0 0 0 0 0 0 0 0 0 0 0 0 0
263 0 0 0 0 0 0 0 0 0 0 0 0 0 0 0 0 0 0
264 0 0 0 0 0 0 0 0 0 0 0 0 0 0 0 0 0 0
265 0 0 0 0 0 0 0 0 0 0 0 0 0 0 0 0 0 0
266 0 0 0 0 0 0 0 0 0 0 0 0 0 0 0 0 0 0
267 0 0 0 0 0 0 0 0 0 0 0 0 0 0 0 0 0 0
268 0 0 0 0 0 0 0 0 0 0 0 0 0 0 0 0 0 0
269 0 0 0 0 0 0 0 0 0 0 0 0 0 0 0 0 0 0
270 0 0 0 0 0 0 0 0 0 0 0 0 0 0 0 0 0 0
271 0 0 0 0 0 0 0 0 0 0 0 0 0 0 0 0 0 0
272 0 0 0 0 0 0 0 0 0 0 0 0 0 0 0 0 0 0
273 0 0 0 0 0 0 0 0 0 0 0 0 0 0 0 0 0 0
274 0 0 0 0 0 0 0 0 0 0 0 0 0 0 0 0 0 0
275 0 0 0 0 0 0 0 0 0 0 0 0 0 0 0 0 0 0
276 0 0 0 0 0 0 0 0 0 0 0 0 0 0 0 0 0 0
277 0 0 0 0 0 0 0 0 0 0 0 0 0 0 0 0 0 0
278 0 0 0 0 0 0 0 0 0 0 0 0 0 0 0 0 0 0
279 0 0 0 0 0 0 0 0 0 0 0 0 0 0 0 0 0 0
280 0 0 0 0 0 0 0 0 0 0 0 0 0 0 0 0 0 0
281 0 0 0 0 0 0 0 0 0 0 0 0 0 0 0 0 0 0
282 0 0 0 0 0 0 0 0 0 0 0 0 0 0 0 0 0 0
283 0 0 0 0 0 0 0 0 0 0 0 0 0 0 0 0 0 0
284 0 0 0 0 0 0 0 0 0 0 0 0 0 0 0 0 0 0
285 0 0 0 0 0 0 0 0 0 0 0 0 0 0 0 0 0 0
286 0 0 0 0 0 0 0 0 0 0 0 0 0 0 0 0 0 0
287 0 0 0 0 0 0 0 0 0 0 0 0 0 0 0 0 0 0
288 0 0 0 0 0 0 0 0 0 0 0 0 0 0 0 0 0 0
289 0 0 0 0 0 0 0 0 0 0 0 0 0 0 0 0 0 0
290 0 0 0 0 0 0 0 0 0 0 0 0 0 0 0 0 0 0
291 0 0 0 0 0 0 0 0 0 0 0 0 0 0 0 0 0 0
292 0 0 0 0 0 0 0 0 0 0 0 0 0 0 0 0 0 0
293 0 0 0 0 0 0 0 0 0 0 0 0 0 0 0 0 0 0
294 0 0 0 0 0 0 0 0 0 0 0 0 0 0 0 0 0 0
295 0 0 0 0 0 0 0 0 0 0 0 0 0 0 0 0 0 0
296 0 0 0 0 0 0 0 0 0 0 0 0 0 0 0 0 0 0
297 0 0 0 0 0 0 0 0 0 0 0 0 0 0 0 0 0 0
298 0 0 0 0 0 0 0 0 0 0 0 0 0 0 0 0 0 0
299 0 0 0 0 0 0 0 0 0 0 0 0 0 0 0 0 0 0
300 0 0 0 0 0 0 0 0 0 0 0 0 0 0 0 0 0 0
301 0 0 0 0 0 0 0 0 0 0 0 0 0 0 0 0 0 0
302 0 0 0 0 0 0 0 0 0 0 0 0 0 0 0 0 0 0
303 0 0 0 0 0 0 0 0 0 0 0 0 0 0 0 0 0 0
304 0 0 0 0 0 0 0 0 0 0 0 0 0 0 0 0 0 0
305 0 0 0 0 0 0 0 0 0 0 0 0 0 0 0 0 0 0
306 0 0 0 0 0 0 0 0 0 0 0 0 0 0 0 0 0 0
307 0 0 0 0 0 0 0 0 0 0 0 0 0 0 0 0 0 0
308 0 0 0 0 0 0 0 0 0 0 0 0 0 0 0 0 0 0
309 0 0 0 0 0 0 0 0 0 0 0 0 0 0 0 0 0 0
310 0 0 0 0 0 0 0 0 0 0 0 0 0 0 0 0 0 0
311 0 0 0 0 0 0 0 0 0 0 0 0 0 0 0 0 0 0
312 0 0 0 0 0 0 0 0 0 0 0 0 0 0 0 0 0 0
313 0 0 0 0 0 0 0 0 0 0 0 0 0 0 0 0 0 0
314 0 0 0 0 0 0 0 0 0 0 0 0 0 0 0 0 0 0
315 0 0 0 0 0 0 0 0 0 0 0 0 0 0 0 0 0 0
316 0 0 0 0 0 0 0 0 0 0 0 0 0 0 0 0 0 0
317 0 0 0 0 0 0 0 0 0 0 0 0 0 0 0 0 0 0
318 0 0 0 0 0 0 0 0 0 0 0 0 0 0 0 0 0 0
319 0 0 0 0 0 0 0 0 0 0 0 0 0 0 0 0 0 0
320 0 0 0 0 0 0 0 0 0 0 0 0 0 0 0 0 0 0
321 0 0 0 0 0 0 0 0 0 0 0 0 0 0 0 0 0 0
322 0 0 0 0 0 0 0 0 0 0 0 0 0 0 0 0 0 0
323 0 0 0 0 0 0 0 0 0 0 0 0 0 0 0 0 0 0
324 0 0 0 0 0 0 0 0 0 0 0 0 0 0 0 0 0 0
325 0 0 0 0 0 0 0 0 0 0 0 0 0 0 0 0 0 0
326 0 0 0 0 0 0 0 0 0 0 0 0 0 0 0 0 0 0
327 0 0 0 0 0 0 0 0 0 0 0 0 0 0 0 0 0 0
328 0 0 0 0 0 0 0 0 0 0 0 0 0 0 0 0 0 0
329 0 0 0 0 0 0 0 0 0 0 0 0 0 0 0 0 0 0
330 0 0 0 0 0 0 0 0 0 0 0 0 0 0 0 0 0 0
331 0 0 0 0 0 0 0 0 0 0 0 0 0 0 0 0 0 0
332 0 0 0 0 0 0 0 0 0 0 0 0 0 0 0 0 0 0
333 0 0 0 0 0 0 0 0 0 0 0 0 0 0 0 0 0 0
334 0 0 0 0 0 0 0 0 0 0 0 0 0 0 0 0 0 0
335 0 0 0 0 0 0 0 0 0 0 0 0 0 0 0 0 0 0
336 0 0 0 0 0 0 0 0 0 0 0 0 0 0 0 0 0 0
337 0 0 0 0 0 0 0 0 0 0 0 0 0 0 0 0 0 0
338 0 0 0 0 0 0 0 0 0 0 0 0 0 0 0 0 0 0
339 0 0 0 0 0 0 0 0 0 0 0 0 0 0 0 0 0 0
340 0 0 0 0 0 0 0 0 0 0 0 0 0 0 0 0 0 0
341 0 0 0 0 0 0 0 0 0 0 0 0 0 0 0 0 0 0
342 0 0 0 0 0 0 0 0 0 0 0 0 0 0 0 0 0 0
343 0 0 0 0 0 0 0 0 0 0 0 0 0 0 0 0 0 0
344 0 0 0 0 0 0 0 0 0 0 0 0 0 0 0 0 0 0
345 0 0 0 0 0 0 0 0 0 0 0 0 0 0 0 0 0 0
346 0 0 0 0 0 0 0 0 0 0 0 0 0 0 0 0 0 0
347 0 0 0 0 0 0 0 0 0 0 0 0 0 0 0 0 0 0
348 0 0 0 0 0 0 0 0 0 0 0 0 0 0 0 0 0 0
349 0 0 0 0 0 0 0 0 0 0 0 0 0 0 0 0 0 0
350 0 0 0 0 0 0 0 0 0 0 0 0 0 0 0 0 0 0
351 0 0 0 0 0 0 0 0 0 0 0 0 0 0 0 0 0 0
352 0 0 0 0 0 0 0 0 0 0 0 0 0 0 0 0 0 0
353 0 0 0 0 0 0 0 0 0 0 0 0 0 0 0 0 0 0
354 0 0 0 0 0 0 0 0 0 0 0 0 0 0 0 0 0 0
355 0 0 0 0 0 0 0 0 0 0 0 0 0 0 0 0 0 0
356 0 0 0 0 0 0 0 0 0 0 0 0 0 0 0 0 0 0
357 0 0 0 0 0 0 0 0 0 0 0 0 0 0 0 0 0 0
358 0 0 0 0 0 0 0 0 0 0 0 0 0 0 0 0 0 0
359 0 0 0 0 0 0 0 0 0 0 0 0 0 0 0 0 0 0
360 0 0 0 0 0 0 0 0 0 0 0 0 0 0 0 0 0 0
361 0 0 0 0 0 0 0 0 0 0 0 0 0 0 0 0 0 0
362 0 0 0 0 0 0 0 0 0 0 0 0 0 0 0 0 0 0
363 0 0 0 0 0 0 0 0 0 0 0 0 0 0 0 0 0 0
364 0 0 0 0 0 0 0 0 0 0 0 0 0 0 0 0 0 0
365 0 0 0 0 0 0 0 0 0 0 0 0 0 0 0 0 0 0
366 0 0 0 0 0 0 0 0 0 0 0 0 0 0 0 0 0 0
367 0 0 0 0 0 0 0 0 0 0 0 0 0 0 0 0 0 0
368 0 0 0 0 0 0 0 0 0 0 0 0 0 0 0 0 0 0
369 0 0 0 0 0 0 0 0 0 0 0 0 0 0 0 0 0 0
370 0 0 0 0 0 0 0 0 0 0 0 0 0 0 0 0 0 0
371 0 0 0 0 0 0 0 0 0 0 0 0 0 0 0 0 0 0
372 0 0 0 0 0 0 0 0 0 0 0 0 0 0 0 0 0 0
373 0 0 0 0 0 0 0 0 0 0 0 0 0 0 0 0 0 0
374 0 0 0 0 0 0 0 0 0 0 0 0 0 0 0 0 0 0
375 0 0 0 0 0 0 0 0 0 0 0 0 0 0 0 0 0 0
376 0 0 0 0 0 0 0 0 0 0 0 0 0 0 0 0 0 0
377 0 0 0 0 0 0 0 0 0 0 0 0 0 0 0 0 0 0
378 0 0 0 0 0 0 0 0 0 0 0 0 0 0 0 0 0 0
379 0 0 0 0 0 0 0 0 0 0 0 0 0 0 0 0 0 0
380 0 0 0 0 0 0 0 0 0 0 0 0 0 0 0 0 0 0
381 0 0 0 0 0 0 0 0 0 0 0 0 0 0 0 0 0 0
382 0 0 0 0 0 0 0 0 0 0 0 0 0 0 0 0 0 0
383 0 0 0 0 0 0 0 0 0 0 0 0 0 0 0 0 0 0
384 0 0 0 0 0 0 0 0 0 0 0 0 0 0 0 0 0 0
385 0 0 0 0 0 0 0 0 0 0 0 0 0 0 0 0 0 0
386 0 0 0 0 0 0 0 0 0 0 0 0 0 0 0 0 0 0
387 0 0 0 0 0 0 0 0 0 0 0 0 0 0 0 0 0 0
388 0 0 0 0 0 0 0 0 0 0 0 0 0 0 0 0 0 0
389 0 0 0 0 0 0 0 0 0 0 0 0 0 0 0 0 0 0
390 0 0 0 0 0 0 0 0 0 0 0 0 0 0 0 0 0 0
391 0 0 0 0 0 0 0 0 0 0 0 0 0 0 0 0 0 0
392 0 0 0 0 0 0 0 0 0 0 0 0 0 0 0 0 0 0
393 0 0 0 0 0 0 0 0 0 0 0 0 0 0 0 0 0 0
394 0 0 0 0 0 0 0 0 0 0 0 0 0 0 0 0 0 0
395 0 0 0 0 0 0 0 0 0 0 0 0 0 0 0 0 0 0
396 0 0 0 0 0 0 0 0 0 0 0 0 0 0 0 0 0 0
397 0 0 0 0 0 0 0 0 0 0 0 0 0 0 0 0 0 0
398 0 0 0 0 0 0 0 0 0 0 0 0 0 0 0 0 0 0
399 0 0 0 0 0 0 0 0 0 0 0 0 0 0 0 0 0 0
400 0 0 0 0 0 0 0 0 0 0 0 0 0 0 0 0 0 0
401 0 0 0 0 0 0 0 0 0 0 0 0 0 0 0 0 0 0
402 0 0 0 0 0 0 0 0 0 0 0 0 0 0 0 0 0 0
403 0 0 0 0 0 0 0 0 0 0 0 0 0 0 0 0 0 0
404 0 0 0 0 0 0 0 0 0 0 0 0 0 0 0 0 0 0
405 0 0 0 0 0 0 0 0 0 0 0 0 0 0 0 0 0 0
406 0 0 0 0 0 0 0 0 0 0 0 0 0 0 0 0 0 0
407 0 0 0 0 0 0 0 0 0 0 0 0 0 0 0 0 0 0
408 0 0 0 0 0 0 0 0 0 0 0 0 0 0 0 0 0 0
409 0 0 0 0 0 0 0 0 0 0 0 0 0 0 0 0 0 0
410 0 0 0 0 0 0 0 0 0 0 0 0 0 0 0 0 0 0
411 0 0 0 0 0 0 0 0 0 0 0 0 0 0 0 0 0 0
412 0 0 0 0 0 0 0 0 0 0 0 0 0 0 0 0 0 0
413 0 0 0 0 0 0 0 0 0 0 0 0 0 0 0 0 0 0
414 0 0 0 0 0 0 0 0 0 0 0 0 0 0 0 0 0 0
415 0 0 0 0 0 0 0 0 0 0 0 0 0 0 0 0 0 0
416 0 0 0 0 0 0 0 0 0 0 0 0 0 0 0 0 0 0
417 0 0 0 0 0 0 0 0 0 0 0 0 0 0 0 0 0 0
418 0 0 0 0 0 0 0 0 0 0 0 0 0 0 0 0 0 0
419 0 0 0 0 0 0 0 0 0 0 0 0 0 0 0 0 0 0
420 0 0 0 0 0 0 0 0 0 0 0 0 0 0 0 0 0 0
421 0 0 0 0 0 0 0 0 0 0 0 0 0 0 0 0 0 0
422 0 0 0 0 0 0 0 0 0 0 0 0 0 0 0 0 0 0
423 0 0 0 0 0 0 0 0 0 0 0 0 0 0 0 0 0 0
424 0 0 0 0 0 0 0 0 0 0 0 0 0 0 0 0 0 0
425 0 0 0 0 0 0 0 0 0 0 0 0 0 0 0 0 0 0
426 0 0 0 0 0 0 0 0 0 0 0 0 0 0 0 0 0 0
427 0 0 0 0 0 0 0 0 0 0 0 0 0 0 0 0 0 0
428 0 0 0 0 0 0 0 0 0 0 0 0 0 0 0 0 0 0
429 0 0 0 0 0 0 0 0 0 0 0 0 0 0 0 0 0 0
430 0 0 0 0 0 0 0 0 0 0 0 0 0 0 0 0 0 0
431 0 0 0 0 0 0 0 0 0 0 0 0 0 0 0 0 0 0
432 0 0 0 0 0 0 0 0 0 0 0 0 0 0 0 0 0 0
433 0 0 0 0 0 0 0 0 0 0 0 0 0 0 0 0 0 0
434 0 0 0 0 0 0 0 0 0 0 0 0 0 0 0 0 0 0
435 0 0 0 0 0 0 0 0 0 0 0 0 0 0 0 0 0 0
436 0 0 0 0 0 0 0 0 0 0 0 0 0 0 0 0 0 0
437 0 0 0 0 0 0 0 0 0 0 0 0 0 0 0 0 0 0
438 0 0 0 0 0 0 0 0 0 0 0 0 0 0 0 0 0 0
439 0 0 0 0 0 0 0 0 0 0 0 0 0 0 0 0 0 0
440 0 0 0 0 0 0 0 0 0 0 0 0 0 0 0 0 0 0
441 0 0 0 0 0 0 0 0 0 0 0 0 0 0 0 0 0 0
442 0 0 0 0 0 0 0 0 0 0 0 0 0 0 0 0 0 0
443 0 0 0 0 0 0 0 0 0 0 0 0 0 0 0 0 0 0
444 0 0 0 0 0 0 0 0 0 0 0 0 0 0 0 0 0 0
445 0 0 0 0 0 0 0 0 0 0 0 0 0 0 0 0 0 0
446 0 0 0 0 0 0 0 0 0 0 0 0 0 0 0 0 0 0
447 0 0 0 0 0 0 0 0 0 0 0 0 0 0 0 0 0 0
448 0 0 0 0 0 0 0 0 0 0 0 0 0 0 0 0 0 0
13 17 0 0 0
14 18 0 0 0
15 19 0 0 0
16 20 0 0 0
9 21 0 0 0
10 22 0 0 0
11 23 0 0 0
12 24 0 0 0
5 25 0 0 0
6 26 0 0 0
7 27 0 0 0
8 28 0 0 0
1 29 0 0 0
2 30 0 0 0
3 31 0 0 0
4 32 0 0 0
45 49 0 0 0
46 50 0 0 0
47 51 0 0 0
48 52 0 0 0
41 53 0 0 0
42 54 0 0 0
43 55 0 0 0
44 56 0 0 0
37 57 0 0 0
38 58 0 0 0
39 59 0 0 0
40 60 0 0 0
33 61 0 0 0
34 62 0 0 0
35 63 0 0 0
36 64 0 0 0
14 77 81 0 0
13 78 82 0 0
16 79 83 0 0
15 80 84 0 0
10 73 85 0 0
9 74 86 0 0
12 75 87 0 0
11 76 88 0 0
6 69 89 0 0
5 70 90 0 0
8 71 91 0 0
7 72 92 0 0
2 65 93 0 0
1 66 94 0 0
4 67 95 0 0
3 68 96 0 0
46 109 113 0 0
45 110 114 0 0
48 111 115 0 0
47 112 116 0 0
42 105 117 0 0
41 106 118 0 0
44 107 119 0 0
43 108 120 0 0
38 101 121 0 0
37 102 122 0 0
40 103 123 0 0
39 104 124 0 0
34 97 125 0 0
33 98 126 0 0
36 99 127 0 0
35 100 128 0 0
13 66 78 129 0
14 65 77 130 0
15 68 80 131 0
16 67 79 132 0
9 70 74 133 0
10 69 73 134 0
11 72 76 135 0
12 71 75 136 0
5 70 74 137 0
6 69 73 138 0
7 72 76 139 0
8 71 75 140 0
1 66 78 141 0
2 65 77 142 0
3 68 80 143 0
4 67 79 144 0
13 66 78 145 0
14 65 77 146 0
15 68 80 147 0
16 67 79 148 0
9 70 74 149 0
10 69 73 150 0
11 72 76 151 0
12 71 75 152 0
5 70 74 153 0
6 69 73 154 0
7 72 76 155 0
8 71 75 156 0
1 66 78 157 0
2 65 77 158 0
3 68 80 159 0
4 67 79 160 0
45 98 110 161 0
46 97 109 162 0
47 100 112 163 0
48 99 111 164 0
41 102 106 165 0
42 101 105 166 0
43 104 108 167 0
44 103 107 168 0
37 102 106 169 0
38 101 105 170 0
39 104 108 171 0
40 103 107 172 0
33 98 110 173 0
34 97 109 174 0
35 100 112 175 0
36 99 111 176 0
45 98 110 177 0
46 97 109 178 0
47 100 112 179 0
48 99 111 180 0
41 102 106 181 0
42 101 105 182 0
43 104 108 183 0
44 103 107 184 0
37 102 106 185 0
38 101 105 186 0
39 104 108 187 0
40 103 107 188 0
33 98 110 189 0
34 97 109 190 0
35 100 112 191 0
36 99 111 192 0
11 76 193 0 0
12 75 194 0 0
9 74 195 0 0
10 73 196 0 0
15 80 197 0 0
16 79 198 0 0
13 78 199 0 0
14 77 200 0 0
3 68 201 0 0
4 67 202 0 0
1 66 203 0 0
2 65 204 0 0
7 72 205 0 0
8 71 206 0 0
5 70 207 0 0
6 69 208 0 0
72 209 0 0 0
71 210 0 0 0
70 211 0 0 0
69 212 0 0 0
68 213 0 0 0
67 214 0 0 0
66 215 0 0 0
65 216 0 0 0
80 217 0 0 0
79 218 0 0 0
78 219 0 0 0
77 220 0 0 0
76 221 0 0 0
75 222 0 0 0
74 223 0 0 0
73 224 0 0 0
43 108 225 0 0
44 107 226 0 0
41 106 227 0 0
42 105 228 0 0
47 112 229 0 0
48 111 230 0 0
45 110 231 0 0
46 109 232 0 0
35 100 233 0 0
36 99 234 0 0
33 98 235 0 0
34 97 236 0 0
39 104 237 0 0
40 103 238 0 0
37 102 239 0 0
38 101 240 0 0
104 241 0 0 0
103 242 0 0 0
102 243 0 0 0
101 244 0 0 0
100 245 0 0 0
99 246 0 0 0
98 247 0 0 0
97 248 0 0 0
112 249 0 0 0
111 250 0 0 0
110 251 0 0 0
109 252 0 0 0
108 253 0 0 0
107 254 0 0 0
106 255 0 0 0
105 256 0 0 0
103 257 0 0 0
104 258 0 0 0
101 259 0 0 0
102 260 0 0 0
99 261 0 0 0
100 262 0 0 0
97 263 0 0 0
98 264 0 0 0
111 265 0 0 0
112 266 0 0 0
109 267 0 0 0
110 268 0 0 0
107 269 0 0 0
108 270 0 0 0
105 271 0 0 0
106 272 0 0 0
44 107 273 0 0
43 108 274 0 0
42 105 275 0 0
41 106 276 0 0
48 111 277 0 0
47 112 278 0 0
46 109 279 0 0
45 110 280 0 0
36 99 281 0 0
35 100 282 0 0
34 97 283 0 0
33 98 284 0 0
40 103 285 0 0
39 104 286 0 0
38 101 287 0 0
37 102 288 0 0
71 289 0 0 0
72 290 0 0 0
69 291 0 0 0
70 292 0 0 0
67 293 0 0 0
68 294 0 0 0
65 295 0 0 0
66 296 0 0 0
79 297 0 0 0
80 298 0 0 0
77 299 0 0 0
78 300 0 0 0
75 301 0 0 0
76 302 0 0 0
73 303 0 0 0
74 304 0 0 0
12 75 305 0 0
11 76 306 0 0
10 73 307 0 0
9 74 308 0 0
16 79 309 0 0
15 80 310 0 0
14 77 311 0 0
13 78 312 0 0
4 67 313 0 0
3 68 314 0 0
2 65 315 0 0
1 66 316 0 0
8 71 317 0 0
7 72 318 0 0
6 69 319 0 0
5 70 320 0 0
39 43 104 108 321
40 44 103 107 322
37 41 102 106 323
38 42 101 105 324
35 47 100 112 325
36 48 99 111 326
33 45 98 110 327
34 46 97 109 328
35 47 100 112 329
36 48 99 111 330
33 45 98 110 331
34 46 97 109 332
39 43 104 108 333
40 44 103 107 334
37 41 102 106 335
38 42 101 105 336
104 108 337 0 0
103 107 338 0 0
102 106 339 0 0
101 105 340 0 0
100 112 341 0 0
99 111 342 0 0
98 110 343 0 0
97 109 344 0 0
100 112 345 0 0
99 111 346 0 0
98 110 347 0 0
97 109 348 0 0
104 108 349 0 0
103 107 350 0 0
102 106 351 0 0
101 105 352 0 0
7 11 72 76 353
8 12 71 75 354
5 9 70 74 355
6 10 69 73 356
3 15 68 80 357
4 16 67 79 358
1 13 66 78 359
2 14 65 77 360
3 15 68 80 361
4 16 67 79 362
1 13 66 78 363
2 14 65 77 364
7 11 72 76 365
8 12 71 75 366
5 9 70 74 367
6 10 69 73 368
72 76 369 0 0
71 75 370 0 0
70 74 371 0 0
69 73 372 0 0
68 80 373 0 0
67 79 374 0 0
66 78 375 0 0
65 77 376 0 0
68 80 377 0 0
67 79 378 0 0
66 78 379 0 0
65 77 380 0 0
72 76 381 0 0
71 75 382 0 0
70 74 383 0 0
69 73 384 0 0
3 68 385 0 0
4 67 386 0 0
1 66 387 0 0
2 65 388 0 0
7 72 389 0 0
8 71 390 0 0
5 70 391 0 0
6 69 392 0 0
11 76 393 0 0
12 75 394 0 0
9 74 395 0 0
10 73 396 0 0
15 80 397 0 0
16 79 398 0 0
13 78 399 0 0
14 77 400 0 0
80 401 0 0 0
79 402 0 0 0
78 403 0 0 0
77 404 0 0 0
76 405 0 0 0
75 406 0 0 0
74 407 0 0 0
73 408 0 0 0
72 409 0 0 0
71 410 0 0 0
70 411 0 0 0
69 412 0 0 0
68 413 0 0 0
67 414 0 0 0
66 415 0 0 0
65 416 0 0 0
35 100 417 0 0
36 99 418 0 0
33 98 419 0 0
34 97 420 0 0
39 104 421 0 0
40 103 422 0 0
37 102 423 0 0
38 101 424 0 0
43 108 425 0 0
44 107 426 0 0
41 106 427 0 0
42 105 428 0 0
47 112 429 0 0
48 111 430 0 0
45 110 431 0 0
46 109 432 0 0
112 433 0 0 0
111 434 0 0 0
110 435 0 0 0
109 436 0 0 0
108 437 0 0 0
107 438 0 0 0
106 439 0 0 0
105 440 0 0 0
104 441 0 0 0
103 442 0 0 0
102 443 0 0 0
101 444 0 0 0
100 445 0 0 0
99 446 0 0 0
98 447 0 0 0
97 448 0 0 0
38 101 104 449 0
37 102 103 450 0
40 102 103 451 0
39 101 104 452 0
34 97 100 453 0
33 98 99 454 0
36 98 99 455 0
35 97 100 456 0
46 109 112 457 0
45 110 111 458 0
48 110 111 459 0
47 109 112 460 0
42 105 108 461 0
41 106 107 462 0
44 106 107 463 0
43 105 108 464 0
43 105 108 465 0
44 106 107 466 0
41 106 107 467 0
42 105 108 468 0
47 109 112 469 0
48 110 111 470 0
45 110 111 471 0
46 109 112 472 0
35 97 100 473 0
36 98 99 474 0
33 98 99 475 0
34 97 100 476 0
39 101 104 477 0
40 102 103 478 0
37 102 103 479 0
38 101 104 480 0
6 69 72 481 0
5 70 71 482 0
8 70 71 483 0
7 69 72 484 0
2 65 68 485 0
1 66 67 486 0
4 66 67 487 0
3 65 68 488 0
14 77 80 489 0
13 78 79 490 0
16 78 79 491 0
15 77 80 492 0
10 73 76 493 0
9 74 75 494 0
12 74 75 495 0
11 73 76 496 0
11 73 76 497 0
12 74 75 498 0
9 74 75 499 0
10 73 76 500 0
15 77 80 501 0
16 78 79 502 0
13 78 79 503 0
14 77 80 504 0
3 65 68 505 0
4 66 67 506 0
1 66 67 507 0
2 65 68 508 0
7 69 72 509 0
8 70 71 510 0
5 70 71 511 0
6 69 72 512 0
