512 128
3 12
3 3 3 3 3 3 3 3 3 3 3 3 3 3 3 3 3 3 3 3 3 3 3 3 3 3 3 3 3 3 3 3 3 3 3 3 3 3 3 3 3 3 3 3 3 3 3 3 3 3 3 3 3 3 3 3 3 3 3 3 3 3 3 3 3 3 3 3 3 3 3 3 3 3 3 3 3 3 3 3 3 3 3 3 3 3 3 3 3 3 3 3 3 3 3 3 3 3 3 3 3 3 3 3 3 3 3 3 3 3 3 3 3 3 3 3 3 3 3 3 3 3 3 3 3 3 3 3 3 3 3 3 3 3 3 3 3 3 3 3 3 3 3 3 3 3 3 3 3 3 3 3 3 3 3 3 3 3 3 3 3 3 3 3 3 3 3 3 3 3 3 3 3 3 3 3 3 3 3 3 3 3 3 3 3 3 3 3 3 3 3 3 3 3 3 3 3 3 3 3 3 3 3 3 3 3 3 3 3 3 3 3 3 3 3 3 3 3 3 3 3 3 3 3 3 3 3 3 3 3 3 3 3 3 3 3 3 3 3 3 3 3 3 3 3 3 3 3 3 3 3 3 3 3 3 3 3 3 3 3 3 3 3 3 3 3 3 3 3 3 3 3 3 3 3 3 3 3 3 3 3 3 3 3 3 3 3 3 3 3 3 3 3 3 3 3 3 3 3 3 3 3 3 3 3 3 3 3 3 3 3 3 3 3 3 3 3 3 3 3 3 3 3 3 3 3 3 3 3 3 3 3 3 3 3 3 3 3 3 3 3 3 3 3 3 3 3 3 3 3 3 3 3 3 3 3 3 3 3 3 3 3 3 3 3 3 3 3 3 3 3 3 3 3 3 3 3 3 3 3 3 3 3 3 3 3 3 3 3 3 3 3 3 3 3 3 3 3 3 3 3 3 3 3 3 3 3 3 3 3 3 3 3 3 3 3 3 3 3 3 3 3 3 3 3 3 3 3 3 3 3 3 3 3 3 3 3 3 3 3 3 3 3 3 3 3 3 3 3 3 3 3 3 3 3 3 3 3 3 3 3 3 3 3 3 3 3 3 3 3 3 3 3 3 3 3 3 3 3 3 3 3 3 3 3 3 3 3 3 3 3 3 3 3 3 3 3 3 3 3 3 3 3 3 3 3 3 3 3 3 3 3 
12 12 12 12 12 12 12 12 12 12 12 12 12 12 12 12 12 12 12 12 12 12 12 12 12 12 12 12 12 12 12 12 12 12 12 12 12 12 12 12 12 12 12 12 12 12 12 12 12 12 12 12 12 12 12 12 12 12 12 12 12 12 12 12 12 12 12 12 12 12 12 12 12 12 12 12 12 12 12 12 12 12 12 12 12 12 12 12 12 12 12 12 12 12 12 12 12 12 12 12 12 12 12 12 12 12 12 12 12 12 12 12 12 12 12 12 12 12 12 12 12 12 12 12 12 12 12 12 
8 71 91
7 72 92
6 69 89
5 70 90
4 67 95
3 68 96
2 65 93
1 66 94
16 79 83
15 80 84
14 77 81
13 78 82
12 75 87
11 76 88
10 73 85
9 74 86
24 75 87
23 76 88
22 73 85
21 74 86
20 79 83
19 80 84
18 77 81
17 78 82
32 67 95
31 68 96
30 65 93
29 66 94
28 71 91
27 72 92
26 69 89
25 70 90
40 103 123
39 104 124
38 101 121
37 102 122
36 99 127
35 100 128
34 97 125
33 98 126
48 111 115
47 112 116
46 109 113
45 110 114
44 107 119
43 108 120
42 105 117
41 106 118
56 107 119
55 108 120
54 105 117
53 106 118
52 111 115
51 112 116
50 109 113
49 110 114
64 99 127
63 100 128
62 97 125
61 98 126
60 103 123
59 104 124
58 101 121
57 102 122
7 27 72
8 28 71
5 25 70
6 26 69
3 31 68
4 32 67
1 29 66
2 30 65
15 19 80
16 20 79
13 17 78
14 18 77
11 23 76
12 24 75
9 21 74
10 22 73
11 23 88
12 24 87
9 21 86
10 22 85
15 19 84
16 20 83
13 17 82
14 18 81
3 31 96
4 32 95
1 29 94
2 30 93
7 27 92
8 28 91
5 25 90
6 26 89
39 59 104
40 60 103
37 57 102
38 58 101
35 63 100
36 64 99
33 61 98
34 62 97
47 51 112
48 52 111
45 49 110
46 50 109
43 55 108
44 56 107
41 53 106
42 54 105
43 55 120
44 56 119
41 53 118
42 54 117
47 51 116
48 52 115
45 49 114
46 50 113
35 63 128
36 64 127
33 61 126
34 62 125
39 59 124
40 60 123
37 57 122
38 58 121
17 71 87
18 72 88
19 69 85
20 70 86
21 67 83
22 68 84
23 65 81
24 66 82
25 79 95
26 80 96
27 77 93
28 78 94
29 75 91
30 76 92
31 73 89
32 74 90
1 71 87
2 72 88
3 69 85
4 70 86
5 67 83
6 68 84
7 65 81
8 66 82
9 79 95
10 80 96
11 77 93
12 78 94
13 75 91
14 76 92
15 73 89
16 74 90
49 103 119
50 104 120
51 101 117
52 102 118
53 99 115
54 100 116
55 97 113
56 98 114
57 111 127
58 112 128
59 109 125
60 110 126
61 107 123
62 108 124
63 105 121
64 106 122
33 103 119
34 104 120
35 101 117
36 102 118
37 99 115
38 100 116
39 97 113
40 98 114
41 111 127
42 112 128
43 109 125
44 110 126
45 107 123
46 108 124
47 105 121
48 106 122
7 23 81
8 24 82
5 21 83
6 22 84
3 19 85
4 20 86
1 17 87
2 18 88
15 31 89
16 32 90
13 29 91
14 30 92
11 27 93
12 28 94
9 25 95
10 26 96
7 23 65
8 24 66
5 21 67
6 22 68
3 19 69
4 20 70
1 17 71
2 18 72
15 31 73
16 32 74
13 29 75
14 30 76
11 27 77
12 28 78
9 25 79
10 26 80
39 55 113
40 56 114
37 53 115
38 54 116
35 51 117
36 52 118
33 49 119
34 50 120
47 63 121
48 64 122
45 61 123
46 62 124
43 59 125
44 60 126
41 57 127
42 58 128
39 55 97
40 56 98
37 53 99
38 54 100
35 51 101
36 52 102
33 49 103
34 50 104
47 63 105
48 64 106
45 61 107
46 62 108
43 59 109
44 60 110
41 57 111
42 58 112
49 61 98
50 62 97
51 63 100
52 64 99
53 57 102
54 58 101
55 59 104
56 60 103
53 57 106
54 58 105
55 59 108
56 60 107
49 61 110
50 62 109
51 63 112
52 64 111
33 45 114
34 46 113
35 47 116
36 48 115
37 41 118
38 42 117
39 43 120
40 44 119
37 41 122
38 42 121
39 43 124
40 44 123
33 45 126
34 46 125
35 47 128
36 48 127
17 29 66
18 30 65
19 31 68
20 32 67
21 25 70
22 26 69
23 27 72
24 28 71
21 25 74
22 26 73
23 27 76
24 28 75
17 29 78
18 30 77
19 31 80
20 32 79
1 13 82
2 14 81
3 15 84
4 16 83
5 9 86
6 10 85
7 11 88
8 12 87
5 9 90
6 10 89
7 11 92
8 12 91
1 13 94
2 14 93
3 15 96
4 16 95
34 113 125
33 114 126
36 115 127
35 116 128
38 117 121
37 118 122
40 119 123
39 120 124
42 117 121
41 118 122
44 119 123
43 120 124
46 113 125
45 114 126
48 115 127
47 116 128
50 97 109
49 98 110
52 99 111
51 100 112
54 101 105
53 102 106
56 103 107
55 104 108
58 101 105
57 102 106
60 103 107
59 104 108
62 97 109
61 98 110
64 99 111
63 100 112
2 81 93
1 82 94
4 83 95
3 84 96
6 85 89
5 86 90
8 87 91
7 88 92
10 85 89
9 86 90
12 87 91
11 88 92
14 81 93
13 82 94
16 83 95
15 84 96
18 65 77
17 66 78
20 67 79
19 68 80
22 69 73
21 70 74
24 71 75
23 72 76
26 69 73
25 70 74
28 71 75
27 72 76
30 65 77
29 66 78
32 67 79
31 68 80
33 64 89
34 63 90
35 62 91
36 61 92
37 60 93
38 59 94
39 58 95
40 57 96
41 56 81
42 55 82
43 54 83
44 53 84
45 52 85
46 51 86
47 50 87
48 49 88
48 49 73
47 50 74
46 51 75
45 52 76
44 53 77
43 54 78
42 55 79
41 56 80
40 57 65
39 58 66
38 59 67
37 60 68
36 61 69
35 62 70
34 63 71
33 64 72
1 32 121
2 31 122
3 30 123
4 29 124
5 28 125
6 27 126
7 26 127
8 25 128
9 24 113
10 23 114
11 22 115
12 21 116
13 20 117
14 19 118
15 18 119
16 17 120
16 17 105
15 18 106
14 19 107
13 20 108
12 21 109
11 22 110
10 23 111
9 24 112
8 25 97
7 26 98
6 27 99
5 28 100
4 29 101
3 30 102
2 31 103
1 32 104
25 97 128
26 98 127
27 99 126
28 100 125
29 101 124
30 102 123
31 103 122
32 104 121
17 105 120
18 106 119
19 107 118
20 108 117
21 109 116
22 110 115
23 111 114
24 112 113
9 112 113
10 111 114
11 110 115
12 109 116
13 108 117
14 107 118
15 106 119
16 105 120
1 104 121
2 103 122
3 102 123
4 101 124
5 100 125
6 99 126
7 98 127
8 97 128
57 65 96
58 66 95
59 67 94
60 68 93
61 69 92
62 70 91
63 71 90
64 72 89
49 73 88
50 74 87
51 75 86
52 76 85
53 77 84
54 78 83
55 79 82
56 80 81
41 80 81
42 79 82
43 78 83
44 77 84
45 76 85
46 75 86
47 74 87
48 73 88
33 72 89
34 71 90
35 70 91
36 69 92
37 68 93
38 67 94
39 66 95
40 65 96
8 71 91 145 199 215 305 317 354 417 448 473
7 72 92 146 200 216 306 318 353 418 447 474
6 69 89 147 197 213 307 319 356 419 446 475
5 70 90 148 198 214 308 320 355 420 445 476
4 67 95 149 195 211 309 313 358 421 444 477
3 68 96 150 196 212 310 314 357 422 443 478
2 65 93 151 193 209 311 315 360 423 442 479
1 66 94 152 194 210 312 316 359 424 441 480
16 79 83 153 207 223 309 313 362 425 440 465
15 80 84 154 208 224 310 314 361 426 439 466
14 77 81 155 205 221 311 315 364 427 438 467
13 78 82 156 206 222 312 316 363 428 437 468
12 75 87 157 203 219 305 317 366 429 436 469
11 76 88 158 204 220 306 318 365 430 435 470
10 73 85 159 201 217 307 319 368 431 434 471
9 74 86 160 202 218 308 320 367 432 433 472
24 75 87 129 199 215 289 301 370 432 433 457
23 76 88 130 200 216 290 302 369 431 434 458
22 73 85 131 197 213 291 303 372 430 435 459
21 74 86 132 198 214 292 304 371 429 436 460
20 79 83 133 195 211 293 297 374 428 437 461
19 80 84 134 196 212 294 298 373 427 438 462
18 77 81 135 193 209 295 299 376 426 439 463
17 78 82 136 194 210 296 300 375 425 440 464
32 67 95 137 207 223 293 297 378 424 441 449
31 68 96 138 208 224 294 298 377 423 442 450
30 65 93 139 205 221 295 299 380 422 443 451
29 66 94 140 206 222 296 300 379 421 444 452
28 71 91 141 203 219 289 301 382 420 445 453
27 72 92 142 204 220 290 302 381 419 446 454
26 69 89 143 201 217 291 303 384 418 447 455
25 70 90 144 202 218 292 304 383 417 448 456
40 103 123 177 231 247 273 285 322 385 416 505
39 104 124 178 232 248 274 286 321 386 415 506
38 101 121 179 229 245 275 287 324 387 414 507
37 102 122 180 230 246 276 288 323 388 413 508
36 99 127 181 227 243 277 281 326 389 412 509
35 100 128 182 228 244 278 282 325 390 411 510
34 97 125 183 225 241 279 283 328 391 410 511
33 98 126 184 226 242 280 284 327 392 409 512
48 111 115 185 239 255 277 281 330 393 408 497
47 112 116 186 240 256 278 282 329 394 407 498
46 109 113 187 237 253 279 283 332 395 406 499
45 110 114 188 238 254 280 284 331 396 405 500
44 107 119 189 235 251 273 285 334 397 404 501
43 108 120 190 236 252 274 286 333 398 403 502
42 105 117 191 233 249 275 287 336 399 402 503
41 106 118 192 234 250 276 288 335 400 401 504
56 107 119 161 231 247 257 269 338 400 401 489
55 108 120 162 232 248 258 270 337 399 402 490
54 105 117 163 229 245 259 271 340 398 403 491
53 106 118 164 230 246 260 272 339 397 404 492
52 111 115 165 227 243 261 265 342 396 405 493
51 112 116 166 228 244 262 266 341 395 406 494
50 109 113 167 225 241 263 267 344 394 407 495
49 110 114 168 226 242 264 268 343 393 408 496
64 99 127 169 239 255 261 265 346 392 409 481
63 100 128 170 240 256 262 266 345 391 410 482
62 97 125 171 237 253 263 267 348 390 411 483
61 98 126 172 238 254 264 268 347 389 412 484
60 103 123 173 235 251 257 269 350 388 413 485
59 104 124 174 236 252 258 270 349 387 414 486
58 101 121 175 233 249 259 271 352 386 415 487
57 102 122 176 234 250 260 272 351 385 416 488
7 27 72 135 151 209 290 369 381 409 481 512
8 28 71 136 152 210 289 370 382 410 482 511
5 25 70 133 149 211 292 371 383 411 483 510
6 26 69 134 150 212 291 372 384 412 484 509
3 31 68 131 147 213 294 373 377 413 485 508
4 32 67 132 148 214 293 374 378 414 486 507
1 29 66 129 145 215 296 375 379 415 487 506
2 30 65 130 146 216 295 376 380 416 488 505
15 19 80 143 159 217 298 373 377 401 489 504
16 20 79 144 160 218 297 374 378 402 490 503
13 17 78 141 157 219 300 375 379 403 491 502
14 18 77 142 158 220 299 376 380 404 492 501
11 23 76 139 155 221 302 369 381 405 493 500
12 24 75 140 156 222 301 370 382 406 494 499
9 21 74 137 153 223 304 371 383 407 495 498
10 22 73 138 154 224 303 372 384 408 496 497
11 23 88 135 151 193 306 353 365 393 496 497
12 24 87 136 152 194 305 354 366 394 495 498
9 21 86 133 149 195 308 355 367 395 494 499
10 22 85 134 150 196 307 356 368 396 493 500
15 19 84 131 147 197 310 357 361 397 492 501
16 20 83 132 148 198 309 358 362 398 491 502
13 17 82 129 145 199 312 359 363 399 490 503
14 18 81 130 146 200 311 360 364 400 489 504
3 31 96 143 159 201 314 357 361 385 488 505
4 32 95 144 160 202 313 358 362 386 487 506
1 29 94 141 157 203 316 359 363 387 486 507
2 30 93 142 158 204 315 360 364 388 485 508
7 27 92 139 155 205 318 353 365 389 484 509
8 28 91 140 156 206 317 354 366 390 483 510
5 25 90 137 153 207 320 355 367 391 482 511
6 26 89 138 154 208 319 356 368 392 481 512
39 59 104 167 183 241 258 337 349 441 449 480
40 60 103 168 184 242 257 338 350 442 450 479
37 57 102 165 181 243 260 339 351 443 451 478
38 58 101 166 182 244 259 340 352 444 452 477
35 63 100 163 179 245 262 341 345 445 453 476
36 64 99 164 180 246 261 342 346 446 454 475
33 61 98 161 177 247 264 343 347 447 455 474
34 62 97 162 178 248 263 344 348 448 456 473
47 51 112 175 191 249 266 341 345 433 457 472
48 52 111 176 192 250 265 342 346 434 458 471
45 49 110 173 189 251 268 343 347 435 459 470
46 50 109 174 190 252 267 344 348 436 460 469
43 55 108 171 187 253 270 337 349 437 461 468
44 56 107 172 188 254 269 338 350 438 462 467
41 53 106 169 185 255 272 339 351 439 463 466
42 54 105 170 186 256 271 340 352 440 464 465
43 55 120 167 183 225 274 321 333 425 464 465
44 56 119 168 184 226 273 322 334 426 463 466
41 53 118 165 181 227 276 323 335 427 462 467
42 54 117 166 182 228 275 324 336 428 461 468
47 51 116 163 179 229 278 325 329 429 460 469
48 52 115 164 180 230 277 326 330 430 459 470
45 49 114 161 177 231 280 327 331 431 458 471
46 50 113 162 178 232 279 328 332 432 457 472
35 63 128 175 191 233 282 325 329 417 456 473
36 64 127 176 192 234 281 326 330 418 455 474
33 61 126 173 189 235 284 327 331 419 454 475
34 62 125 174 190 236 283 328 332 420 453 476
39 59 124 171 187 237 286 321 333 421 452 477
40 60 123 172 188 238 285 322 334 422 451 478
37 57 122 169 185 239 288 323 335 423 450 479
38 58 121 170 186 240 287 324 336 424 449 480
1 1 1 1 1 1 1 1 1 1 1 1
1 1 1 1 1 1 1 1 1 1 1 1
1 1 1 1 1 1 1 1 1 1 1 1
1 1 1 1 1 1 1 1 1 1 1 1
1 1 1 1 1 1 1 1 1 1 1 1
1 1 1 1 1 1 1 1 1 1 1 1
1 1 1 1 1 1 1 1 1 1 1 1
1 1 1 1 1 1 1 1 1 1 1 1
1 1 1 1 1 1 1 1 1 1 1 1
1 1 1 1 1 1 1 1 1 1 1 1
1 1 1 1 1 1 1 1 1 1 1 1
1 1 1 1 1 1 1 1 1 1 1 1
1 1 1 1 1 1 1 1 1 1 1 1
1 1 1 1 1 1 1 1 1 1 1 1
1 1 1 1 1 1 1 1 1 1 1 1
1 1 1 1 1 1 1 1 1 1 1 1
1 1 1 1 1 1 1 1 1 1 1 1
1 1 1 1 1 1 1 1 1 1 1 1
1 1 1 1 1 1 1 1 1 1 1 1
1 1 1 1 1 1 1 1 1 1 1 1
1 1 1 1 1 1 1 1 1 1 1 1
1 1 1 1 1 1 1 1 1 1 1 1
1 1 1 1 1 1 1 1 1 1 1 1
1 1 1 1 1 1 1 1 1 1 1 1
1 1 1 1 1 1 1 1 1 1 1 1
1 1 1 1 1 1 1 1 1 1 1 1
1 1 1 1 1 1 1 1 1 1 1 1
1 1 1 1 1 1 1 1 1 1 1 1
1 1 1 1 1 1 1 1 1 1 1 1
1 1 1 1 1 1 1 1 1 1 1 1
1 1 1 1 1 1 1 1 1 1 1 1
1 1 1 1 1 1 1 1 1 1 1 1
1 1 1 1 1 1 1 1 1 1 1 1
1 1 1 1 1 1 1 1 1 1 1 1
1 1 1 1 1 1 1 1 1 1 1 1
1 1 1 1 1 1 1 1 1 1 1 1
1 1 1 1 1 1 1 1 1 1 1 1
1 1 1 1 1 1 1 1 1 1 1 1
1 1 1 1 1 1 1 1 1 1 1 1
1 1 1 1 1 1 1 1 1 1 1 1
1 1 1 1 1 1 1 1 1 1 1 1
1 1 1 1 1 1 1 1 1 1 1 1
1 1 1 1 1 1 1 1 1 1 1 1
1 1 1 1 1 1 1 1 1 1 1 1
1 1 1 1 1 1 1 1 1 1 1 1
1 1 1 1 1 1 1 1 1 1 1 1
1 1 1 1 1 1 1 1 1 1 1 1
1 1 1 1 1 1 1 1 1 1 1 1
1 1 1 1 1 1 1 1 1 1 1 1
1 1 1 1 1 1 1 1 1 1 1 1
1 1 1 1 1 1 1 1 1 1 1 1
1 1 1 1 1 1 1 1 1 1 1 1
1 1 1 1 1 1 1 1 1 1 1 1
1 1 1 1 1 1 1 1 1 1 1 1
1 1 1 1 1 1 1 1 1 1 1 1
1 1 1 1 1 1 1 1 1 1 1 1
1 1 1 1 1 1 1 1 1 1 1 1
1 1 1 1 1 1 1 1 1 1 1 1
1 1 1 1 1 1 1 1 1 1 1 1
1 1 1 1 1 1 1 1 1 1 1 1
1 1 1 1 1 1 1 1 1 1 1 1
1 1 1 1 1 1 1 1 1 1 1 1
1 1 1 1 1 1 1 1 1 1 1 1
1 1 1 1 1 1 1 1 1 1 1 1
2 2 2 2 2 2 2 2 2 2 2 2
2 2 2 2 2 2 2 2 2 2 2 2
2 2 2 2 2 2 2 2 2 2 2 2
2 2 2 2 2 2 2 2 2 2 2 2
2 2 2 2 2 2 2 2 2 2 2 2
2 2 2 2 2 2 2 2 2 2 2 2
2 2 2 2 2 2 2 2 2 2 2 2
2 2 2 2 2 2 2 2 2 2 2 2
2 2 2 2 2 2 2 2 2 2 2 2
2 2 2 2 2 2 2 2 2 2 2 2
2 2 2 2 2 2 2 2 2 2 2 2
2 2 2 2 2 2 2 2 2 2 2 2
2 2 2 2 2 2 2 2 2 2 2 2
2 2 2 2 2 2 2 2 2 2 2 2
2 2 2 2 2 2 2 2 2 2 2 2
2 2 2 2 2 2 2 2 2 2 2 2
2 2 2 2 2 2 2 2 2 2 2 2
2 2 2 2 2 2 2 2 2 2 2 2
2 2 2 2 2 2 2 2 2 2 2 2
2 2 2 2 2 2 2 2 2 2 2 2
2 2 2 2 2 2 2 2 2 2 2 2
2 2 2 2 2 2 2 2 2 2 2 2
2 2 2 2 2 2 2 2 2 2 2 2
2 2 2 2 2 2 2 2 2 2 2 2
2 2 2 2 2 2 2 2 2 2 2 2
2 2 2 2 2 2 2 2 2 2 2 2
2 2 2 2 2 2 2 2 2 2 2 2
2 2 2 2 2 2 2 2 2 2 2 2
2 2 2 2 2 2 2 2 2 2 2 2
2 2 2 2 2 2 2 2 2 2 2 2
2 2 2 2 2 2 2 2 2 2 2 2
2 2 2 2 2 2 2 2 2 2 2 2
2 2 2 2 2 2 2 2 2 2 2 2
2 2 2 2 2 2 2 2 2 2 2 2
2 2 2 2 2 2 2 2 2 2 2 2
2 2 2 2 2 2 2 2 2 2 2 2
2 2 2 2 2 2 2 2 2 2 2 2
2 2 2 2 2 2 2 2 2 2 2 2
2 2 2 2 2 2 2 2 2 2 2 2
2 2 2 2 2 2 2 2 2 2 2 2
2 2 2 2 2 2 2 2 2 2 2 2
2 2 2 2 2 2 2 2 2 2 2 2
2 2 2 2 2 2 2 2 2 2 2 2
2 2 2 2 2 2 2 2 2 2 2 2
2 2 2 2 2 2 2 2 2 2 2 2
2 2 2 2 2 2 2 2 2 2 2 2
2 2 2 2 2 2 2 2 2 2 2 2
2 2 2 2 2 2 2 2 2 2 2 2
2 2 2 2 2 2 2 2 2 2 2 2
2 2 2 2 2 2 2 2 2 2 2 2
2 2 2 2 2 2 2 2 2 2 2 2
2 2 2 2 2 2 2 2 2 2 2 2
2 2 2 2 2 2 2 2 2 2 2 2
2 2 2 2 2 2 2 2 2 2 2 2
2 2 2 2 2 2 2 2 2 2 2 2
2 2 2 2 2 2 2 2 2 2 2 2
2 2 2 2 2 2 2 2 2 2 2 2
2 2 2 2 2 2 2 2 2 2 2 2
2 2 2 2 2 2 2 2 2 2 2 2
2 2 2 2 2 2 2 2 2 2 2 2
2 2 2 2 2 2 2 2 2 2 2 2
2 2 2 2 2 2 2 2 2 2 2 2
2 2 2 2 2 2 2 2 2 2 2 2
2 2 2 2 2 2 2 2 2 2 2 2
1 2 2
1 2 2
1 2 2
1 2 2
1 2 2
1 2 2
1 2 2
1 2 2
1 2 2
1 2 2
1 2 2
1 2 2
1 2 2
1 2 2
1 2 2
1 2 2
1 2 2
1 2 2
1 2 2
1 2 2
1 2 2
1 2 2
1 2 2
1 2 2
1 2 2
1 2 2
1 2 2
1 2 2
1 2 2
1 2 2
1 2 2
1 2 2
1 2 2
1 2 2
1 2 2
1 2 2
1 2 2
1 2 2
1 2 2
1 2 2
1 2 2
1 2 2
1 2 2
1 2 2
1 2 2
1 2 2
1 2 2
1 2 2
1 2 2
1 2 2
1 2 2
1 2 2
1 2 2
1 2 2
1 2 2
1 2 2
1 2 2
1 2 2
1 2 2
1 2 2
1 2 2
1 2 2
1 2 2
1 2 2
1 1 2
1 1 2
1 1 2
1 1 2
1 1 2
1 1 2
1 1 2
1 1 2
1 1 2
1 1 2
1 1 2
1 1 2
1 1 2
1 1 2
1 1 2
1 1 2
1 1 2
1 1 2
1 1 2
1 1 2
1 1 2
1 1 2
1 1 2
1 1 2
1 1 2
1 1 2
1 1 2
1 1 2
1 1 2
1 1 2
1 1 2
1 1 2
1 1 2
1 1 2
1 1 2
1 1 2
1 1 2
1 1 2
1 1 2
1 1 2
1 1 2
1 1 2
1 1 2
1 1 2
1 1 2
1 1 2
1 1 2
1 1 2
1 1 2
1 1 2
1 1 2
1 1 2
1 1 2
1 1 2
1 1 2
1 1 2
1 1 2
1 1 2
1 1 2
1 1 2
1 1 2
1 1 2
1 1 2
1 1 2
1 2 2
1 2 2
1 2 2
1 2 2
1 2 2
1 2 2
1 2 2
1 2 2
1 2 2
1 2 2
1 2 2
1 2 2
1 2 2
1 2 2
1 2 2
1 2 2
1 2 2
1 2 2
1 2 2
1 2 2
1 2 2
1 2 2
1 2 2
1 2 2
1 2 2
1 2 2
1 2 2
1 2 2
1 2 2
1 2 2
1 2 2
1 2 2
1 2 2
1 2 2
1 2 2
1 2 2
1 2 2
1 2 2
1 2 2
1 2 2
1 2 2
1 2 2
1 2 2
1 2 2
1 2 2
1 2 2
1 2 2
1 2 2
1 2 2
1 2 2
1 2 2
1 2 2
1 2 2
1 2 2
1 2 2
1 2 2
1 2 2
1 2 2
1 2 2
1 2 2
1 2 2
1 2 2
1 2 2
1 2 2
1 1 2
1 1 2
1 1 2
1 1 2
1 1 2
1 1 2
1 1 2
1 1 2
1 1 2
1 1 2
1 1 2
1 1 2
1 1 2
1 1 2
1 1 2
1 1 2
1 1 2
1 1 2
1 1 2
1 1 2
1 1 2
1 1 2
1 1 2
1 1 2
1 1 2
1 1 2
1 1 2
1 1 2
1 1 2
1 1 2
1 1 2
1 1 2
1 1 2
1 1 2
1 1 2
1 1 2
1 1 2
1 1 2
1 1 2
1 1 2
1 1 2
1 1 2
1 1 2
1 1 2
1 1 2
1 1 2
1 1 2
1 1 2
1 1 2
1 1 2
1 1 2
1 1 2
1 1 2
1 1 2
1 1 2
1 1 2
1 1 2
1 1 2
1 1 2
1 1 2
1 1 2
1 1 2
1 1 2
1 1 2
1 1 2
1 1 2
1 1 2
1 1 2
1 1 2
1 1 2
1 1 2
1 1 2
1 1 2
1 1 2
1 1 2
1 1 2
1 1 2
1 1 2
1 1 2
1 1 2
1 1 2
1 1 2
1 1 2
1 1 2
1 1 2
1 1 2
1 1 2
1 1 2
1 1 2
1 1 2
1 1 2
1 1 2
1 1 2
1 1 2
1 1 2
1 1 2
1 1 2
1 1 2
1 1 2
1 1 2
1 1 2
1 1 2
1 1 2
1 1 2
1 1 2
1 1 2
1 1 2
1 1 2
1 1 2
1 1 2
1 1 2
1 1 2
1 1 2
1 1 2
1 1 2
1 1 2
1 1 2
1 1 2
1 1 2
1 1 2
1 1 2
1 1 2
1 1 2
1 1 2
1 1 2
1 1 2
1 1 2
1 1 2
1 2 2
1 2 2
1 2 2
1 2 2
1 2 2
1 2 2
1 2 2
1 2 2
1 2 2
1 2 2
1 2 2
1 2 2
1 2 2
1 2 2
1 2 2
1 2 2
1 2 2
1 2 2
1 2 2
1 2 2
1 2 2
1 2 2
1 2 2
1 2 2
1 2 2
1 2 2
1 2 2
1 2 2
1 2 2
1 2 2
1 2 2
1 2 2
1 2 2
1 2 2
1 2 2
1 2 2
1 2 2
1 2 2
1 2 2
1 2 2
1 2 2
1 2 2
1 2 2
1 2 2
1 2 2
1 2 2
1 2 2
1 2 2
1 2 2
1 2 2
1 2 2
1 2 2
1 2 2
1 2 2
1 2 2
1 2 2
1 2 2
1 2 2
1 2 2
1 2 2
1 2 2
1 2 2
1 2 2
1 2 2
1 1 2
1 1 2
1 1 2
1 1 2
1 1 2
1 1 2
1 1 2
1 1 2
1 1 2
1 1 2
1 1 2
1 1 2
1 1 2
1 1 2
1 1 2
1 1 2
1 1 2
1 1 2
1 1 2
1 1 2
1 1 2
1 1 2
1 1 2
1 1 2
1 1 2
1 1 2
1 1 2
1 1 2
1 1 2
1 1 2
1 1 2
1 1 2
1 1 2
1 1 2
1 1 2
1 1 2
1 1 2
1 1 2
1 1 2
1 1 2
1 1 2
1 1 2
1 1 2
1 1 2
1 1 2
1 1 2
1 1 2
1 1 2
1 1 2
1 1 2
1 1 2
1 1 2
1 1 2
1 1 2
1 1 2
1 1 2
1 1 2
1 1 2
1 1 2
1 1 2
1 1 2
1 1 2
1 1 2
1 1 2
1 2 2
1 2 2
1 2 2
1 2 2
1 2 2
1 2 2
1 2 2
1 2 2
1 2 2
1 2 2
1 2 2
1 2 2
1 2 2
1 2 2
1 2 2
1 2 2
1 2 2
1 2 2
1 2 2
1 2 2
1 2 2
1 2 2
1 2 2
1 2 2
1 2 2
1 2 2
1 2 2
1 2 2
1 2 2
1 2 2
1 2 2
1 2 2
1 2 2
1 2 2
1 2 2
1 2 2
1 2 2
1 2 2
1 2 2
1 2 2
1 2 2
1 2 2
1 2 2
1 2 2
1 2 2
1 2 2
1 2 2
1 2 2
1 2 2
1 2 2
1 2 2
1 2 2
1 2 2
1 2 2
1 2 2
1 2 2
1 2 2
1 2 2
1 2 2
1 2 2
1 2 2
1 2 2
1 2 2
1 2 2
