512 448
11 3
11 11 11 11 11 11 11 11 11 11 11 11 11 11 11 11 11 11 11 11 11 11 11 11 11 11 11 11 11 11 11 11 11 11 11 11 11 11 11 11 11 11 11 11 11 11 11 11 11 11 11 11 11 11 11 11 11 11 11 11 11 11 11 11 1 1 1 1 1 1 1 1 1 1 1 1 1 1 1 1 1 1 1 1 1 1 1 1 1 1 1 1 1 1 1 1 1 1 1 1 1 1 1 1 1 1 1 1 1 1 1 1 1 1 1 1 1 1 1 1 1 1 1 1 1 1 1 1 1 1 1 1 1 1 1 1 1 1 1 1 1 1 1 1 1 1 1 1 1 1 1 1 1 1 1 1 1 1 1 1 1 1 1 1 1 1 1 1 1 1 1 1 1 1 1 1 1 1 1 1 1 1 1 1 1 1 1 1 1 1 1 1 1 1 1 1 1 1 1 1 1 1 1 1 1 1 1 1 1 1 1 1 1 1 1 1 1 1 1 1 1 1 1 1 1 1 1 1 1 1 1 1 1 1 1 1 1 1 1 1 1 1 1 1 1 1 1 1 1 1 1 1 1 1 1 1 1 1 1 1 1 1 1 1 1 1 1 1 1 1 1 1 1 1 1 1 1 1 1 1 1 1 1 1 1 1 1 1 1 1 1 1 1 1 1 1 1 1 1 1 1 1 1 1 1 1 1 1 1 1 1 1 1 1 1 1 1 1 1 1 1 1 1 1 1 1 1 1 1 1 1 1 1 1 1 1 1 1 1 1 1 1 1 1 1 1 1 1 1 1 1 1 1 1 1 1 1 1 1 1 1 1 1 1 1 1 1 1 1 1 1 1 1 1 1 1 1 1 1 1 1 1 1 1 1 1 1 1 1 1 1 1 1 1 1 1 1 1 1 1 1 1 1 1 1 1 1 1 1 1 1 1 1 1 1 1 1 1 1 1 1 1 1 1 1 1 1 1 1 1 1 1 1 1 1 1 1 1 1 1 1 1 1 1 1 1 1 1 1 1 1 1 1 1 1 1 1 1 1 1 1 1 1 1 1 1 1 1 1 1 1 1 1 1 1 1 1 1 1 1 1 1 1 1 1 1 1 1 1 1 1 1 1 1 1 1 1 1 1 1 1 1 1 1 1 1 1 1 1 1 1 1 
3 3 3 3 3 3 3 3 3 3 3 3 3 3 3 3 3 3 3 3 3 3 3 3 3 3 3 3 3 3 3 3 3 3 3 3 3 3 3 3 3 3 3 3 3 3 3 3 3 3 3 3 3 3 3 3 3 3 3 3 3 3 3 3 2 2 2 2 2 2 2 2 2 2 2 2 2 2 2 2 2 2 2 2 2 2 2 2 2 2 2 2 2 2 2 2 2 2 2 2 2 2 2 2 2 2 2 2 2 2 2 2 2 2 2 2 2 2 2 2 2 2 2 2 2 2 2 2 3 3 3 3 3 3 3 3 3 3 3 3 3 3 3 3 3 3 3 3 3 3 3 3 3 3 3 3 3 3 3 3 3 3 3 3 3 3 3 3 3 3 3 3 3 3 3 3 3 3 3 3 3 3 3 3 3 3 3 3 3 3 3 3 3 3 3 3 3 3 3 3 3 3 3 3 3 3 3 3 3 3 3 3 3 3 3 3 3 3 3 3 3 3 3 3 3 3 3 3 3 3 3 3 3 3 3 3 3 3 3 3 3 3 3 3 3 3 3 3 3 3 3 3 3 3 3 3 2 2 2 2 2 2 2 2 2 2 2 2 2 2 2 2 2 2 2 2 2 2 2 2 2 2 2 2 2 2 2 2 2 2 2 2 2 2 2 2 2 2 2 2 2 2 2 2 2 2 2 2 2 2 2 2 2 2 2 2 2 2 2 2 3 3 3 3 3 3 3 3 3 3 3 3 3 3 3 3 3 3 3 3 3 3 3 3 3 3 3 3 3 3 3 3 3 3 3 3 3 3 3 3 3 3 3 3 3 3 3 3 3 3 3 3 3 3 3 3 3 3 3 3 3 3 3 3 2 2 2 2 2 2 2 2 2 2 2 2 2 2 2 2 2 2 2 2 2 2 2 2 2 2 2 2 2 2 2 2 2 2 2 2 2 2 2 2 2 2 2 2 2 2 2 2 2 2 2 2 2 2 2 2 2 2 2 2 2 2 2 2 
2 30 88 130 146 248 252 295 360 377 416
1 29 87 129 145 247 251 296 359 378 415
4 32 86 132 148 246 250 293 358 379 414
3 31 85 131 147 245 249 294 357 380 413
6 26 84 134 150 244 256 291 356 381 412
5 25 83 133 149 243 255 292 355 382 411
8 28 82 136 152 242 254 289 354 383 410
7 27 81 135 151 241 253 290 353 384 409
10 22 96 138 154 244 256 303 368 369 408
9 21 95 137 153 243 255 304 367 370 407
12 24 94 140 156 242 254 301 366 371 406
11 23 93 139 155 241 253 302 365 372 405
14 18 92 142 158 248 252 299 364 373 404
13 17 91 141 157 247 251 300 363 374 403
16 20 90 144 160 246 250 297 362 375 402
15 19 89 143 159 245 249 298 361 376 401
14 18 72 130 146 232 236 311 361 376 400
13 17 71 129 145 231 235 312 362 375 399
16 20 70 132 148 230 234 309 363 374 398
15 19 69 131 147 229 233 310 364 373 397
10 22 68 134 150 228 240 307 365 372 396
9 21 67 133 149 227 239 308 366 371 395
12 24 66 136 152 226 238 305 367 370 394
11 23 65 135 151 225 237 306 368 369 393
6 26 80 138 154 228 240 319 353 384 392
5 25 79 137 153 227 239 320 354 383 391
8 28 78 140 156 226 238 317 355 382 390
7 27 77 139 155 225 237 318 356 381 389
2 30 76 142 158 232 236 315 357 380 388
1 29 75 141 157 231 235 316 358 379 387
4 32 74 144 160 230 234 313 359 378 386
3 31 73 143 159 229 233 314 360 377 385
34 62 120 162 178 216 220 263 328 345 448
33 61 119 161 177 215 219 264 327 346 447
36 64 118 164 180 214 218 261 326 347 446
35 63 117 163 179 213 217 262 325 348 445
38 58 116 166 182 212 224 259 324 349 444
37 57 115 165 181 211 223 260 323 350 443
40 60 114 168 184 210 222 257 322 351 442
39 59 113 167 183 209 221 258 321 352 441
42 54 128 170 186 212 224 271 336 337 440
41 53 127 169 185 211 223 272 335 338 439
44 56 126 172 188 210 222 269 334 339 438
43 55 125 171 187 209 221 270 333 340 437
46 50 124 174 190 216 220 267 332 341 436
45 49 123 173 189 215 219 268 331 342 435
48 52 122 176 192 214 218 265 330 343 434
47 51 121 175 191 213 217 266 329 344 433
46 50 104 162 178 200 204 279 329 344 432
45 49 103 161 177 199 203 280 330 343 431
48 52 102 164 180 198 202 277 331 342 430
47 51 101 163 179 197 201 278 332 341 429
42 54 100 166 182 196 208 275 333 340 428
41 53 99 165 181 195 207 276 334 339 427
44 56 98 168 184 194 206 273 335 338 426
43 55 97 167 183 193 205 274 336 337 425
38 58 112 170 186 196 208 287 321 352 424
37 57 111 169 185 195 207 288 322 351 423
40 60 110 172 188 194 206 285 323 350 422
39 59 109 171 187 193 205 286 324 349 421
34 62 108 174 190 200 204 283 325 348 420
33 61 107 173 189 199 203 284 326 347 419
36 64 106 176 192 198 202 281 327 346 418
35 63 105 175 191 197 201 282 328 345 417
1 0 0 0 0 0 0 0 0 0 0
2 0 0 0 0 0 0 0 0 0 0
3 0 0 0 0 0 0 0 0 0 0
4 0 0 0 0 0 0 0 0 0 0
5 0 0 0 0 0 0 0 0 0 0
6 0 0 0 0 0 0 0 0 0 0
7 0 0 0 0 0 0 0 0 0 0
8 0 0 0 0 0 0 0 0 0 0
9 0 0 0 0 0 0 0 0 0 0
10 0 0 0 0 0 0 0 0 0 0
11 0 0 0 0 0 0 0 0 0 0
12 0 0 0 0 0 0 0 0 0 0
13 0 0 0 0 0 0 0 0 0 0
14 0 0 0 0 0 0 0 0 0 0
15 0 0 0 0 0 0 0 0 0 0
16 0 0 0 0 0 0 0 0 0 0
17 0 0 0 0 0 0 0 0 0 0
18 0 0 0 0 0 0 0 0 0 0
19 0 0 0 0 0 0 0 0 0 0
20 0 0 0 0 0 0 0 0 0 0
21 0 0 0 0 0 0 0 0 0 0
22 0 0 0 0 0 0 0 0 0 0
23 0 0 0 0 0 0 0 0 0 0
24 0 0 0 0 0 0 0 0 0 0
25 0 0 0 0 0 0 0 0 0 0
26 0 0 0 0 0 0 0 0 0 0
27 0 0 0 0 0 0 0 0 0 0
28 0 0 0 0 0 0 0 0 0 0
29 0 0 0 0 0 0 0 0 0 0
30 0 0 0 0 0 0 0 0 0 0
31 0 0 0 0 0 0 0 0 0 0
32 0 0 0 0 0 0 0 0 0 0
33 0 0 0 0 0 0 0 0 0 0
34 0 0 0 0 0 0 0 0 0 0
35 0 0 0 0 0 0 0 0 0 0
36 0 0 0 0 0 0 0 0 0 0
37 0 0 0 0 0 0 0 0 0 0
38 0 0 0 0 0 0 0 0 0 0
39 0 0 0 0 0 0 0 0 0 0
40 0 0 0 0 0 0 0 0 0 0
41 0 0 0 0 0 0 0 0 0 0
42 0 0 0 0 0 0 0 0 0 0
43 0 0 0 0 0 0 0 0 0 0
44 0 0 0 0 0 0 0 0 0 0
45 0 0 0 0 0 0 0 0 0 0
46 0 0 0 0 0 0 0 0 0 0
47 0 0 0 0 0 0 0 0 0 0
48 0 0 0 0 0 0 0 0 0 0
49 0 0 0 0 0 0 0 0 0 0
50 0 0 0 0 0 0 0 0 0 0
51 0 0 0 0 0 0 0 0 0 0
52 0 0 0 0 0 0 0 0 0 0
53 0 0 0 0 0 0 0 0 0 0
54 0 0 0 0 0 0 0 0 0 0
55 0 0 0 0 0 0 0 0 0 0
56 0 0 0 0 0 0 0 0 0 0
57 0 0 0 0 0 0 0 0 0 0
58 0 0 0 0 0 0 0 0 0 0
59 0 0 0 0 0 0 0 0 0 0
60 0 0 0 0 0 0 0 0 0 0
61 0 0 0 0 0 0 0 0 0 0
62 0 0 0 0 0 0 0 0 0 0
63 0 0 0 0 0 0 0 0 0 0
64 0 0 0 0 0 0 0 0 0 0
65 0 0 0 0 0 0 0 0 0 0
66 0 0 0 0 0 0 0 0 0 0
67 0 0 0 0 0 0 0 0 0 0
68 0 0 0 0 0 0 0 0 0 0
69 0 0 0 0 0 0 0 0 0 0
70 0 0 0 0 0 0 0 0 0 0
71 0 0 0 0 0 0 0 0 0 0
72 0 0 0 0 0 0 0 0 0 0
73 0 0 0 0 0 0 0 0 0 0
74 0 0 0 0 0 0 0 0 0 0
75 0 0 0 0 0 0 0 0 0 0
76 0 0 0 0 0 0 0 0 0 0
77 0 0 0 0 0 0 0 0 0 0
78 0 0 0 0 0 0 0 0 0 0
79 0 0 0 0 0 0 0 0 0 0
80 0 0 0 0 0 0 0 0 0 0
81 0 0 0 0 0 0 0 0 0 0
82 0 0 0 0 0 0 0 0 0 0
83 0 0 0 0 0 0 0 0 0 0
84 0 0 0 0 0 0 0 0 0 0
85 0 0 0 0 0 0 0 0 0 0
86 0 0 0 0 0 0 0 0 0 0
87 0 0 0 0 0 0 0 0 0 0
88 0 0 0 0 0 0 0 0 0 0
89 0 0 0 0 0 0 0 0 0 0
90 0 0 0 0 0 0 0 0 0 0
91 0 0 0 0 0 0 0 0 0 0
92 0 0 0 0 0 0 0 0 0 0
93 0 0 0 0 0 0 0 0 0 0
94 0 0 0 0 0 0 0 0 0 0
95 0 0 0 0 0 0 0 0 0 0
96 0 0 0 0 0 0 0 0 0 0
97 0 0 0 0 0 0 0 0 0 0
98 0 0 0 0 0 0 0 0 0 0
99 0 0 0 0 0 0 0 0 0 0
100 0 0 0 0 0 0 0 0 0 0
101 0 0 0 0 0 0 0 0 0 0
102 0 0 0 0 0 0 0 0 0 0
103 0 0 0 0 0 0 0 0 0 0
104 0 0 0 0 0 0 0 0 0 0
105 0 0 0 0 0 0 0 0 0 0
106 0 0 0 0 0 0 0 0 0 0
107 0 0 0 0 0 0 0 0 0 0
108 0 0 0 0 0 0 0 0 0 0
109 0 0 0 0 0 0 0 0 0 0
110 0 0 0 0 0 0 0 0 0 0
111 0 0 0 0 0 0 0 0 0 0
112 0 0 0 0 0 0 0 0 0 0
113 0 0 0 0 0 0 0 0 0 0
114 0 0 0 0 0 0 0 0 0 0
115 0 0 0 0 0 0 0 0 0 0
116 0 0 0 0 0 0 0 0 0 0
117 0 0 0 0 0 0 0 0 0 0
118 0 0 0 0 0 0 0 0 0 0
119 0 0 0 0 0 0 0 0 0 0
120 0 0 0 0 0 0 0 0 0 0
121 0 0 0 0 0 0 0 0 0 0
122 0 0 0 0 0 0 0 0 0 0
123 0 0 0 0 0 0 0 0 0 0
124 0 0 0 0 0 0 0 0 0 0
125 0 0 0 0 0 0 0 0 0 0
126 0 0 0 0 0 0 0 0 0 0
127 0 0 0 0 0 0 0 0 0 0
128 0 0 0 0 0 0 0 0 0 0
129 0 0 0 0 0 0 0 0 0 0
130 0 0 0 0 0 0 0 0 0 0
131 0 0 0 0 0 0 0 0 0 0
132 0 0 0 0 0 0 0 0 0 0
133 0 0 0 0 0 0 0 0 0 0
134 0 0 0 0 0 0 0 0 0 0
135 0 0 0 0 0 0 0 0 0 0
136 0 0 0 0 0 0 0 0 0 0
137 0 0 0 0 0 0 0 0 0 0
138 0 0 0 0 0 0 0 0 0 0
139 0 0 0 0 0 0 0 0 0 0
140 0 0 0 0 0 0 0 0 0 0
141 0 0 0 0 0 0 0 0 0 0
142 0 0 0 0 0 0 0 0 0 0
143 0 0 0 0 0 0 0 0 0 0
144 0 0 0 0 0 0 0 0 0 0
145 0 0 0 0 0 0 0 0 0 0
146 0 0 0 0 0 0 0 0 0 0
147 0 0 0 0 0 0 0 0 0 0
148 0 0 0 0 0 0 0 0 0 0
149 0 0 0 0 0 0 0 0 0 0
150 0 0 0 0 0 0 0 0 0 0
151 0 0 0 0 0 0 0 0 0 0
152 0 0 0 0 0 0 0 0 0 0
153 0 0 0 0 0 0 0 0 0 0
154 0 0 0 0 0 0 0 0 0 0
155 0 0 0 0 0 0 0 0 0 0
156 0 0 0 0 0 0 0 0 0 0
157 0 0 0 0 0 0 0 0 0 0
158 0 0 0 0 0 0 0 0 0 0
159 0 0 0 0 0 0 0 0 0 0
160 0 0 0 0 0 0 0 0 0 0
161 0 0 0 0 0 0 0 0 0 0
162 0 0 0 0 0 0 0 0 0 0
163 0 0 0 0 0 0 0 0 0 0
164 0 0 0 0 0 0 0 0 0 0
165 0 0 0 0 0 0 0 0 0 0
166 0 0 0 0 0 0 0 0 0 0
167 0 0 0 0 0 0 0 0 0 0
168 0 0 0 0 0 0 0 0 0 0
169 0 0 0 0 0 0 0 0 0 0
170 0 0 0 0 0 0 0 0 0 0
171 0 0 0 0 0 0 0 0 0 0
172 0 0 0 0 0 0 0 0 0 0
173 0 0 0 0 0 0 0 0 0 0
174 0 0 0 0 0 0 0 0 0 0
175 0 0 0 0 0 0 0 0 0 0
176 0 0 0 0 0 0 0 0 0 0
177 0 0 0 0 0 0 0 0 0 0
178 0 0 0 0 0 0 0 0 0 0
179 0 0 0 0 0 0 0 0 0 0
180 0 0 0 0 0 0 0 0 0 0
181 0 0 0 0 0 0 0 0 0 0
182 0 0 0 0 0 0 0 0 0 0
183 0 0 0 0 0 0 0 0 0 0
184 0 0 0 0 0 0 0 0 0 0
185 0 0 0 0 0 0 0 0 0 0
186 0 0 0 0 0 0 0 0 0 0
187 0 0 0 0 0 0 0 0 0 0
188 0 0 0 0 0 0 0 0 0 0
189 0 0 0 0 0 0 0 0 0 0
190 0 0 0 0 0 0 0 0 0 0
191 0 0 0 0 0 0 0 0 0 0
192 0 0 0 0 0 0 0 0 0 0
193 0 0 0 0 0 0 0 0 0 0
194 0 0 0 0 0 0 0 0 0 0
195 0 0 0 0 0 0 0 0 0 0
196 0 0 0 0 0 0 0 0 0 0
197 0 0 0 0 0 0 0 0 0 0
198 0 0 0 0 0 0 0 0 0 0
199 0 0 0 0 0 0 0 0 0 0
200 0 0 0 0 0 0 0 0 0 0
201 0 0 0 0 0 0 0 0 0 0
202 0 0 0 0 0 0 0 0 0 0
203 0 0 0 0 0 0 0 0 0 0
204 0 0 0 0 0 0 0 0 0 0
205 0 0 0 0 0 0 0 0 0 0
206 0 0 0 0 0 0 0 0 0 0
207 0 0 0 0 0 0 0 0 0 0
208 0 0 0 0 0 0 0 0 0 0
209 0 0 0 0 0 0 0 0 0 0
210 0 0 0 0 0 0 0 0 0 0
211 0 0 0 0 0 0 0 0 0 0
212 0 0 0 0 0 0 0 0 0 0
213 0 0 0 0 0 0 0 0 0 0
214 0 0 0 0 0 0 0 0 0 0
215 0 0 0 0 0 0 0 0 0 0
216 0 0 0 0 0 0 0 0 0 0
217 0 0 0 0 0 0 0 0 0 0
218 0 0 0 0 0 0 0 0 0 0
219 0 0 0 0 0 0 0 0 0 0
220 0 0 0 0 0 0 0 0 0 0
221 0 0 0 0 0 0 0 0 0 0
222 0 0 0 0 0 0 0 0 0 0
223 0 0 0 0 0 0 0 0 0 0
224 0 0 0 0 0 0 0 0 0 0
225 0 0 0 0 0 0 0 0 0 0
226 0 0 0 0 0 0 0 0 0 0
227 0 0 0 0 0 0 0 0 0 0
228 0 0 0 0 0 0 0 0 0 0
229 0 0 0 0 0 0 0 0 0 0
230 0 0 0 0 0 0 0 0 0 0
231 0 0 0 0 0 0 0 0 0 0
232 0 0 0 0 0 0 0 0 0 0
233 0 0 0 0 0 0 0 0 0 0
234 0 0 0 0 0 0 0 0 0 0
235 0 0 0 0 0 0 0 0 0 0
236 0 0 0 0 0 0 0 0 0 0
237 0 0 0 0 0 0 0 0 0 0
238 0 0 0 0 0 0 0 0 0 0
239 0 0 0 0 0 0 0 0 0 0
240 0 0 0 0 0 0 0 0 0 0
241 0 0 0 0 0 0 0 0 0 0
242 0 0 0 0 0 0 0 0 0 0
243 0 0 0 0 0 0 0 0 0 0
244 0 0 0 0 0 0 0 0 0 0
245 0 0 0 0 0 0 0 0 0 0
246 0 0 0 0 0 0 0 0 0 0
247 0 0 0 0 0 0 0 0 0 0
248 0 0 0 0 0 0 0 0 0 0
249 0 0 0 0 0 0 0 0 0 0
250 0 0 0 0 0 0 0 0 0 0
251 0 0 0 0 0 0 0 0 0 0
252 0 0 0 0 0 0 0 0 0 0
253 0 0 0 0 0 0 0 0 0 0
254 0 0 0 0 0 0 0 0 0 0
255 0 0 0 0 0 0 0 0 0 0
256 0 0 0 0 0 0 0 0 0 0
257 0 0 0 0 0 0 0 0 0 0
258 0 0 0 0 0 0 0 0 0 0
259 0 0 0 0 0 0 0 0 0 0
260 0 0 0 0 0 0 0 0 0 0
261 0 0 0 0 0 0 0 0 0 0
262 0 0 0 0 0 0 0 0 0 0
263 0 0 0 0 0 0 0 0 0 0
264 0 0 0 0 0 0 0 0 0 0
265 0 0 0 0 0 0 0 0 0 0
266 0 0 0 0 0 0 0 0 0 0
267 0 0 0 0 0 0 0 0 0 0
268 0 0 0 0 0 0 0 0 0 0
269 0 0 0 0 0 0 0 0 0 0
270 0 0 0 0 0 0 0 0 0 0
271 0 0 0 0 0 0 0 0 0 0
272 0 0 0 0 0 0 0 0 0 0
273 0 0 0 0 0 0 0 0 0 0
274 0 0 0 0 0 0 0 0 0 0
275 0 0 0 0 0 0 0 0 0 0
276 0 0 0 0 0 0 0 0 0 0
277 0 0 0 0 0 0 0 0 0 0
278 0 0 0 0 0 0 0 0 0 0
279 0 0 0 0 0 0 0 0 0 0
280 0 0 0 0 0 0 0 0 0 0
281 0 0 0 0 0 0 0 0 0 0
282 0 0 0 0 0 0 0 0 0 0
283 0 0 0 0 0 0 0 0 0 0
284 0 0 0 0 0 0 0 0 0 0
285 0 0 0 0 0 0 0 0 0 0
286 0 0 0 0 0 0 0 0 0 0
287 0 0 0 0 0 0 0 0 0 0
288 0 0 0 0 0 0 0 0 0 0
289 0 0 0 0 0 0 0 0 0 0
290 0 0 0 0 0 0 0 0 0 0
291 0 0 0 0 0 0 0 0 0 0
292 0 0 0 0 0 0 0 0 0 0
293 0 0 0 0 0 0 0 0 0 0
294 0 0 0 0 0 0 0 0 0 0
295 0 0 0 0 0 0 0 0 0 0
296 0 0 0 0 0 0 0 0 0 0
297 0 0 0 0 0 0 0 0 0 0
298 0 0 0 0 0 0 0 0 0 0
299 0 0 0 0 0 0 0 0 0 0
300 0 0 0 0 0 0 0 0 0 0
301 0 0 0 0 0 0 0 0 0 0
302 0 0 0 0 0 0 0 0 0 0
303 0 0 0 0 0 0 0 0 0 0
304 0 0 0 0 0 0 0 0 0 0
305 0 0 0 0 0 0 0 0 0 0
306 0 0 0 0 0 0 0 0 0 0
307 0 0 0 0 0 0 0 0 0 0
308 0 0 0 0 0 0 0 0 0 0
309 0 0 0 0 0 0 0 0 0 0
310 0 0 0 0 0 0 0 0 0 0
311 0 0 0 0 0 0 0 0 0 0
312 0 0 0 0 0 0 0 0 0 0
313 0 0 0 0 0 0 0 0 0 0
314 0 0 0 0 0 0 0 0 0 0
315 0 0 0 0 0 0 0 0 0 0
316 0 0 0 0 0 0 0 0 0 0
317 0 0 0 0 0 0 0 0 0 0
318 0 0 0 0 0 0 0 0 0 0
319 0 0 0 0 0 0 0 0 0 0
320 0 0 0 0 0 0 0 0 0 0
321 0 0 0 0 0 0 0 0 0 0
322 0 0 0 0 0 0 0 0 0 0
323 0 0 0 0 0 0 0 0 0 0
324 0 0 0 0 0 0 0 0 0 0
325 0 0 0 0 0 0 0 0 0 0
326 0 0 0 0 0 0 0 0 0 0
327 0 0 0 0 0 0 0 0 0 0
328 0 0 0 0 0 0 0 0 0 0
329 0 0 0 0 0 0 0 0 0 0
330 0 0 0 0 0 0 0 0 0 0
331 0 0 0 0 0 0 0 0 0 0
332 0 0 0 0 0 0 0 0 0 0
333 0 0 0 0 0 0 0 0 0 0
334 0 0 0 0 0 0 0 0 0 0
335 0 0 0 0 0 0 0 0 0 0
336 0 0 0 0 0 0 0 0 0 0
337 0 0 0 0 0 0 0 0 0 0
338 0 0 0 0 0 0 0 0 0 0
339 0 0 0 0 0 0 0 0 0 0
340 0 0 0 0 0 0 0 0 0 0
341 0 0 0 0 0 0 0 0 0 0
342 0 0 0 0 0 0 0 0 0 0
343 0 0 0 0 0 0 0 0 0 0
344 0 0 0 0 0 0 0 0 0 0
345 0 0 0 0 0 0 0 0 0 0
346 0 0 0 0 0 0 0 0 0 0
347 0 0 0 0 0 0 0 0 0 0
348 0 0 0 0 0 0 0 0 0 0
349 0 0 0 0 0 0 0 0 0 0
350 0 0 0 0 0 0 0 0 0 0
351 0 0 0 0 0 0 0 0 0 0
352 0 0 0 0 0 0 0 0 0 0
353 0 0 0 0 0 0 0 0 0 0
354 0 0 0 0 0 0 0 0 0 0
355 0 0 0 0 0 0 0 0 0 0
356 0 0 0 0 0 0 0 0 0 0
357 0 0 0 0 0 0 0 0 0 0
358 0 0 0 0 0 0 0 0 0 0
359 0 0 0 0 0 0 0 0 0 0
360 0 0 0 0 0 0 0 0 0 0
361 0 0 0 0 0 0 0 0 0 0
362 0 0 0 0 0 0 0 0 0 0
363 0 0 0 0 0 0 0 0 0 0
364 0 0 0 0 0 0 0 0 0 0
365 0 0 0 0 0 0 0 0 0 0
366 0 0 0 0 0 0 0 0 0 0
367 0 0 0 0 0 0 0 0 0 0
368 0 0 0 0 0 0 0 0 0 0
369 0 0 0 0 0 0 0 0 0 0
370 0 0 0 0 0 0 0 0 0 0
371 0 0 0 0 0 0 0 0 0 0
372 0 0 0 0 0 0 0 0 0 0
373 0 0 0 0 0 0 0 0 0 0
374 0 0 0 0 0 0 0 0 0 0
375 0 0 0 0 0 0 0 0 0 0
376 0 0 0 0 0 0 0 0 0 0
377 0 0 0 0 0 0 0 0 0 0
378 0 0 0 0 0 0 0 0 0 0
379 0 0 0 0 0 0 0 0 0 0
380 0 0 0 0 0 0 0 0 0 0
381 0 0 0 0 0 0 0 0 0 0
382 0 0 0 0 0 0 0 0 0 0
383 0 0 0 0 0 0 0 0 0 0
384 0 0 0 0 0 0 0 0 0 0
385 0 0 0 0 0 0 0 0 0 0
386 0 0 0 0 0 0 0 0 0 0
387 0 0 0 0 0 0 0 0 0 0
388 0 0 0 0 0 0 0 0 0 0
389 0 0 0 0 0 0 0 0 0 0
390 0 0 0 0 0 0 0 0 0 0
391 0 0 0 0 0 0 0 0 0 0
392 0 0 0 0 0 0 0 0 0 0
393 0 0 0 0 0 0 0 0 0 0
394 0 0 0 0 0 0 0 0 0 0
395 0 0 0 0 0 0 0 0 0 0
396 0 0 0 0 0 0 0 0 0 0
397 0 0 0 0 0 0 0 0 0 0
398 0 0 0 0 0 0 0 0 0 0
399 0 0 0 0 0 0 0 0 0 0
400 0 0 0 0 0 0 0 0 0 0
401 0 0 0 0 0 0 0 0 0 0
402 0 0 0 0 0 0 0 0 0 0
403 0 0 0 0 0 0 0 0 0 0
404 0 0 0 0 0 0 0 0 0 0
405 0 0 0 0 0 0 0 0 0 0
406 0 0 0 0 0 0 0 0 0 0
407 0 0 0 0 0 0 0 0 0 0
408 0 0 0 0 0 0 0 0 0 0
409 0 0 0 0 0 0 0 0 0 0
410 0 0 0 0 0 0 0 0 0 0
411 0 0 0 0 0 0 0 0 0 0
412 0 0 0 0 0 0 0 0 0 0
413 0 0 0 0 0 0 0 0 0 0
414 0 0 0 0 0 0 0 0 0 0
415 0 0 0 0 0 0 0 0 0 0
416 0 0 0 0 0 0 0 0 0 0
417 0 0 0 0 0 0 0 0 0 0
418 0 0 0 0 0 0 0 0 0 0
419 0 0 0 0 0 0 0 0 0 0
420 0 0 0 0 0 0 0 0 0 0
421 0 0 0 0 0 0 0 0 0 0
422 0 0 0 0 0 0 0 0 0 0
423 0 0 0 0 0 0 0 0 0 0
424 0 0 0 0 0 0 0 0 0 0
425 0 0 0 0 0 0 0 0 0 0
426 0 0 0 0 0 0 0 0 0 0
427 0 0 0 0 0 0 0 0 0 0
428 0 0 0 0 0 0 0 0 0 0
429 0 0 0 0 0 0 0 0 0 0
430 0 0 0 0 0 0 0 0 0 0
431 0 0 0 0 0 0 0 0 0 0
432 0 0 0 0 0 0 0 0 0 0
433 0 0 0 0 0 0 0 0 0 0
434 0 0 0 0 0 0 0 0 0 0
435 0 0 0 0 0 0 0 0 0 0
436 0 0 0 0 0 0 0 0 0 0
437 0 0 0 0 0 0 0 0 0 0
438 0 0 0 0 0 0 0 0 0 0
439 0 0 0 0 0 0 0 0 0 0
440 0 0 0 0 0 0 0 0 0 0
441 0 0 0 0 0 0 0 0 0 0
442 0 0 0 0 0 0 0 0 0 0
443 0 0 0 0 0 0 0 0 0 0
444 0 0 0 0 0 0 0 0 0 0
445 0 0 0 0 0 0 0 0 0 0
446 0 0 0 0 0 0 0 0 0 0
447 0 0 0 0 0 0 0 0 0 0
448 0 0 0 0 0 0 0 0 0 0
2 30 65
1 29 66
4 32 67
3 31 68
6 26 69
5 25 70
8 28 71
7 27 72
10 22 73
9 21 74
12 24 75
11 23 76
14 18 77
13 17 78
16 20 79
15 19 80
14 18 81
13 17 82
16 20 83
15 19 84
10 22 85
9 21 86
12 24 87
11 23 88
6 26 89
5 25 90
8 28 91
7 27 92
2 30 93
1 29 94
4 32 95
3 31 96
34 62 97
33 61 98
36 64 99
35 63 100
38 58 101
37 57 102
40 60 103
39 59 104
42 54 105
41 53 106
44 56 107
43 55 108
46 50 109
45 49 110
48 52 111
47 51 112
46 50 113
45 49 114
48 52 115
47 51 116
42 54 117
41 53 118
44 56 119
43 55 120
38 58 121
37 57 122
40 60 123
39 59 124
34 62 125
33 61 126
36 64 127
35 63 128
24 129 0
23 130 0
22 131 0
21 132 0
20 133 0
19 134 0
18 135 0
17 136 0
32 137 0
31 138 0
30 139 0
29 140 0
28 141 0
27 142 0
26 143 0
25 144 0
8 145 0
7 146 0
6 147 0
5 148 0
4 149 0
3 150 0
2 151 0
1 152 0
16 153 0
15 154 0
14 155 0
13 156 0
12 157 0
11 158 0
10 159 0
9 160 0
56 161 0
55 162 0
54 163 0
53 164 0
52 165 0
51 166 0
50 167 0
49 168 0
64 169 0
63 170 0
62 171 0
61 172 0
60 173 0
59 174 0
58 175 0
57 176 0
40 177 0
39 178 0
38 179 0
37 180 0
36 181 0
35 182 0
34 183 0
33 184 0
48 185 0
47 186 0
46 187 0
45 188 0
44 189 0
43 190 0
42 191 0
41 192 0
2 18 193
1 17 194
4 20 195
3 19 196
6 22 197
5 21 198
8 24 199
7 23 200
10 26 201
9 25 202
12 28 203
11 27 204
14 30 205
13 29 206
16 32 207
15 31 208
2 18 209
1 17 210
4 20 211
3 19 212
6 22 213
5 21 214
8 24 215
7 23 216
10 26 217
9 25 218
12 28 219
11 27 220
14 30 221
13 29 222
16 32 223
15 31 224
34 50 225
33 49 226
36 52 227
35 51 228
38 54 229
37 53 230
40 56 231
39 55 232
42 58 233
41 57 234
44 60 235
43 59 236
46 62 237
45 61 238
48 64 239
47 63 240
34 50 241
33 49 242
36 52 243
35 51 244
38 54 245
37 53 246
40 56 247
39 55 248
42 58 249
41 57 250
44 60 251
43 59 252
46 62 253
45 61 254
48 64 255
47 63 256
56 60 257
55 59 258
54 58 259
53 57 260
52 64 261
51 63 262
50 62 263
49 61 264
52 64 265
51 63 266
50 62 267
49 61 268
56 60 269
55 59 270
54 58 271
53 57 272
40 44 273
39 43 274
38 42 275
37 41 276
36 48 277
35 47 278
34 46 279
33 45 280
36 48 281
35 47 282
34 46 283
33 45 284
40 44 285
39 43 286
38 42 287
37 41 288
24 28 289
23 27 290
22 26 291
21 25 292
20 32 293
19 31 294
18 30 295
17 29 296
20 32 297
19 31 298
18 30 299
17 29 300
24 28 301
23 27 302
22 26 303
21 25 304
8 12 305
7 11 306
6 10 307
5 9 308
4 16 309
3 15 310
2 14 311
1 13 312
4 16 313
3 15 314
2 14 315
1 13 316
8 12 317
7 11 318
6 10 319
5 9 320
39 321 0
40 322 0
37 323 0
38 324 0
35 325 0
36 326 0
33 327 0
34 328 0
47 329 0
48 330 0
45 331 0
46 332 0
43 333 0
44 334 0
41 335 0
42 336 0
55 337 0
56 338 0
53 339 0
54 340 0
51 341 0
52 342 0
49 343 0
50 344 0
63 345 0
64 346 0
61 347 0
62 348 0
59 349 0
60 350 0
57 351 0
58 352 0
7 353 0
8 354 0
5 355 0
6 356 0
3 357 0
4 358 0
1 359 0
2 360 0
15 361 0
16 362 0
13 363 0
14 364 0
11 365 0
12 366 0
9 367 0
10 368 0
23 369 0
24 370 0
21 371 0
22 372 0
19 373 0
20 374 0
17 375 0
18 376 0
31 377 0
32 378 0
29 379 0
30 380 0
27 381 0
28 382 0
25 383 0
26 384 0
40 57 385
39 58 386
38 59 387
37 60 388
36 61 389
35 62 390
34 63 391
33 64 392
48 49 393
47 50 394
46 51 395
45 52 396
44 53 397
43 54 398
42 55 399
41 56 400
41 56 401
42 55 402
43 54 403
44 53 404
45 52 405
46 51 406
47 50 407
48 49 408
33 64 409
34 63 410
35 62 411
36 61 412
37 60 413
38 59 414
39 58 415
40 57 416
8 25 417
7 26 418
6 27 419
5 28 420
4 29 421
3 30 422
2 31 423
1 32 424
16 17 425
15 18 426
14 19 427
13 20 428
12 21 429
11 22 430
10 23 431
9 24 432
9 24 433
10 23 434
11 22 435
12 21 436
13 20 437
14 19 438
15 18 439
16 17 440
1 32 441
2 31 442
3 30 443
4 29 444
5 28 445
6 27 446
7 26 447
8 25 448
32 449 0
31 450 0
30 451 0
29 452 0
28 453 0
27 454 0
26 455 0
25 456 0
24 457 0
23 458 0
22 459 0
21 460 0
20 461 0
19 462 0
18 463 0
17 464 0
16 465 0
15 466 0
14 467 0
13 468 0
12 469 0
11 470 0
10 471 0
9 472 0
8 473 0
7 474 0
6 475 0
5 476 0
4 477 0
3 478 0
2 479 0
1 480 0
64 481 0
63 482 0
62 483 0
61 484 0
60 485 0
59 486 0
58 487 0
57 488 0
56 489 0
55 490 0
54 491 0
53 492 0
52 493 0
51 494 0
50 495 0
49 496 0
48 497 0
47 498 0
46 499 0
45 500 0
44 501 0
43 502 0
42 503 0
41 504 0
40 505 0
39 506 0
38 507 0
37 508 0
36 509 0
35 510 0
34 511 0
33 512 0
