66 32
16 9
4 4 4 4 4 4 4 4 4 4 4 4 4 4 4 4 4 4 4 4 4 4 4 4 4 4 4 4 4 4 4 4 4 4 4 4 4 4 4 4 4 4 4 4 4 4 4 4 4 4 4 4 4 4 4 4 4 4 4 4 4 4 4 4 16 16 
9 9 9 9 9 9 9 9 9 9 9 9 9 9 9 9 9 9 9 9 9 9 9 9 9 9 9 9 9 9 9 9 
2 14 18 30 0 0 0 0 0 0 0 0 0 0 0 0
1 13 17 29 0 0 0 0 0 0 0 0 0 0 0 0
4 16 20 32 0 0 0 0 0 0 0 0 0 0 0 0
3 15 19 31 0 0 0 0 0 0 0 0 0 0 0 0
6 10 22 26 0 0 0 0 0 0 0 0 0 0 0 0
5 9 21 25 0 0 0 0 0 0 0 0 0 0 0 0
8 12 24 28 0 0 0 0 0 0 0 0 0 0 0 0
7 11 23 27 0 0 0 0 0 0 0 0 0 0 0 0
3 10 19 26 0 0 0 0 0 0 0 0 0 0 0 0
4 9 20 25 0 0 0 0 0 0 0 0 0 0 0 0
1 12 17 28 0 0 0 0 0 0 0 0 0 0 0 0
2 11 18 27 0 0 0 0 0 0 0 0 0 0 0 0
7 14 23 30 0 0 0 0 0 0 0 0 0 0 0 0
8 13 24 29 0 0 0 0 0 0 0 0 0 0 0 0
5 16 21 32 0 0 0 0 0 0 0 0 0 0 0 0
6 15 22 31 0 0 0 0 0 0 0 0 0 0 0 0
8 15 24 31 0 0 0 0 0 0 0 0 0 0 0 0
7 16 23 32 0 0 0 0 0 0 0 0 0 0 0 0
6 13 22 29 0 0 0 0 0 0 0 0 0 0 0 0
5 14 21 30 0 0 0 0 0 0 0 0 0 0 0 0
4 11 20 27 0 0 0 0 0 0 0 0 0 0 0 0
3 12 19 28 0 0 0 0 0 0 0 0 0 0 0 0
2 9 18 25 0 0 0 0 0 0 0 0 0 0 0 0
1 10 17 26 0 0 0 0 0 0 0 0 0 0 0 0
5 11 21 27 0 0 0 0 0 0 0 0 0 0 0 0
6 12 22 28 0 0 0 0 0 0 0 0 0 0 0 0
7 9 23 25 0 0 0 0 0 0 0 0 0 0 0 0
8 10 24 26 0 0 0 0 0 0 0 0 0 0 0 0
1 15 17 31 0 0 0 0 0 0 0 0 0 0 0 0
2 16 18 32 0 0 0 0 0 0 0 0 0 0 0 0
3 13 19 29 0 0 0 0 0 0 0 0 0 0 0 0
4 14 20 30 0 0 0 0 0 0 0 0 0 0 0 0
7 12 23 28 0 0 0 0 0 0 0 0 0 0 0 0
8 11 24 27 0 0 0 0 0 0 0 0 0 0 0 0
5 10 21 26 0 0 0 0 0 0 0 0 0 0 0 0
6 9 22 25 0 0 0 0 0 0 0 0 0 0 0 0
3 16 19 32 0 0 0 0 0 0 0 0 0 0 0 0
4 15 20 31 0 0 0 0 0 0 0 0 0 0 0 0
1 14 17 30 0 0 0 0 0 0 0 0 0 0 0 0
2 13 18 29 0 0 0 0 0 0 0 0 0 0 0 0
6 16 22 32 0 0 0 0 0 0 0 0 0 0 0 0
5 15 21 31 0 0 0 0 0 0 0 0 0 0 0 0
8 14 24 30 0 0 0 0 0 0 0 0 0 0 0 0
7 13 23 29 0 0 0 0 0 0 0 0 0 0 0 0
2 12 18 28 0 0 0 0 0 0 0 0 0 0 0 0
1 11 17 27 0 0 0 0 0 0 0 0 0 0 0 0
4 10 20 26 0 0 0 0 0 0 0 0 0 0 0 0
3 9 19 25 0 0 0 0 0 0 0 0 0 0 0 0
1 9 17 25 0 0 0 0 0 0 0 0 0 0 0 0
2 10 18 26 0 0 0 0 0 0 0 0 0 0 0 0
3 11 19 27 0 0 0 0 0 0 0 0 0 0 0 0
4 12 20 28 0 0 0 0 0 0 0 0 0 0 0 0
5 13 21 29 0 0 0 0 0 0 0 0 0 0 0 0
6 14 22 30 0 0 0 0 0 0 0 0 0 0 0 0
7 15 23 31 0 0 0 0 0 0 0 0 0 0 0 0
8 16 24 32 0 0 0 0 0 0 0 0 0 0 0 0
4 13 20 29 0 0 0 0 0 0 0 0 0 0 0 0
3 14 19 30 0 0 0 0 0 0 0 0 0 0 0 0
2 15 18 31 0 0 0 0 0 0 0 0 0 0 0 0
1 16 17 32 0 0 0 0 0 0 0 0 0 0 0 0
8 9 24 25 0 0 0 0 0 0 0 0 0 0 0 0
7 10 23 26 0 0 0 0 0 0 0 0 0 0 0 0
6 11 22 27 0 0 0 0 0 0 0 0 0 0 0 0
5 12 21 28 0 0 0 0 0 0 0 0 0 0 0 0
9 10 11 12 13 14 15 16 17 18 19 20 21 22 23 24
1 2 3 4 5 6 7 8 25 26 27 28 29 30 31 32
2 11 24 29 39 46 49 60 66
1 12 23 30 40 45 50 59 66
4 9 22 31 37 48 51 58 66
3 10 21 32 38 47 52 57 66
6 15 20 25 35 42 53 64 66
5 16 19 26 36 41 54 63 66
8 13 18 27 33 44 55 62 66
7 14 17 28 34 43 56 61 66
6 10 23 27 36 48 49 61 65
5 9 24 28 35 47 50 62 65
8 12 21 25 34 46 51 63 65
7 11 22 26 33 45 52 64 65
2 14 19 31 40 44 53 57 65
1 13 20 32 39 43 54 58 65
4 16 17 29 38 42 55 59 65
3 15 18 30 37 41 56 60 65
2 11 24 29 39 46 49 60 65
1 12 23 30 40 45 50 59 65
4 9 22 31 37 48 51 58 65
3 10 21 32 38 47 52 57 65
6 15 20 25 35 42 53 64 65
5 16 19 26 36 41 54 63 65
8 13 18 27 33 44 55 62 65
7 14 17 28 34 43 56 61 65
6 10 23 27 36 48 49 61 66
5 9 24 28 35 47 50 62 66
8 12 21 25 34 46 51 63 66
7 11 22 26 33 45 52 64 66
2 14 19 31 40 44 53 57 66
1 13 20 32 39 43 54 58 66
4 16 17 29 38 42 55 59 66
3 15 18 30 37 41 56 60 66
1 1 1 1 1 1 1 1 1
1 1 1 1 1 1 1 1 1
1 1 1 1 1 1 1 1 1
1 1 1 1 1 1 1 1 1
1 1 1 1 1 1 1 1 1
1 1 1 1 1 1 1 1 1
1 1 1 1 1 1 1 1 1
1 1 1 1 1 1 1 1 1
1 1 1 1 1 1 1 1 1
1 1 1 1 1 1 1 1 1
1 1 1 1 1 1 1 1 1
1 1 1 1 1 1 1 1 1
1 1 1 1 1 1 1 1 1
1 1 1 1 1 1 1 1 1
1 1 1 1 1 1 1 1 1
1 1 1 1 1 1 1 1 1
2 2 2 2 2 2 2 2 2
2 2 2 2 2 2 2 2 2
2 2 2 2 2 2 2 2 2
2 2 2 2 2 2 2 2 2
2 2 2 2 2 2 2 2 2
2 2 2 2 2 2 2 2 2
2 2 2 2 2 2 2 2 2
2 2 2 2 2 2 2 2 2
2 2 2 2 2 2 2 2 2
2 2 2 2 2 2 2 2 2
2 2 2 2 2 2 2 2 2
2 2 2 2 2 2 2 2 2
2 2 2 2 2 2 2 2 2
2 2 2 2 2 2 2 2 2
2 2 2 2 2 2 2 2 2
2 2 2 2 2 2 2 2 2
1 1 2 2 0 0 0 0 0 0 0 0 0 0 0 0
1 1 2 2 0 0 0 0 0 0 0 0 0 0 0 0
1 1 2 2 0 0 0 0 0 0 0 0 0 0 0 0
1 1 2 2 0 0 0 0 0 0 0 0 0 0 0 0
1 1 2 2 0 0 0 0 0 0 0 0 0 0 0 0
1 1 2 2 0 0 0 0 0 0 0 0 0 0 0 0
1 1 2 2 0 0 0 0 0 0 0 0 0 0 0 0
1 1 2 2 0 0 0 0 0 0 0 0 0 0 0 0
1 1 2 2 0 0 0 0 0 0 0 0 0 0 0 0
1 1 2 2 0 0 0 0 0 0 0 0 0 0 0 0
1 1 2 2 0 0 0 0 0 0 0 0 0 0 0 0
1 1 2 2 0 0 0 0 0 0 0 0 0 0 0 0
1 1 2 2 0 0 0 0 0 0 0 0 0 0 0 0
1 1 2 2 0 0 0 0 0 0 0 0 0 0 0 0
1 1 2 2 0 0 0 0 0 0 0 0 0 0 0 0
1 1 2 2 0 0 0 0 0 0 0 0 0 0 0 0
1 1 2 2 0 0 0 0 0 0 0 0 0 0 0 0
1 1 2 2 0 0 0 0 0 0 0 0 0 0 0 0
1 1 2 2 0 0 0 0 0 0 0 0 0 0 0 0
1 1 2 2 0 0 0 0 0 0 0 0 0 0 0 0
1 1 2 2 0 0 0 0 0 0 0 0 0 0 0 0
1 1 2 2 0 0 0 0 0 0 0 0 0 0 0 0
1 1 2 2 0 0 0 0 0 0 0 0 0 0 0 0
1 1 2 2 0 0 0 0 0 0 0 0 0 0 0 0
1 1 2 2 0 0 0 0 0 0 0 0 0 0 0 0
1 1 2 2 0 0 0 0 0 0 0 0 0 0 0 0
1 1 2 2 0 0 0 0 0 0 0 0 0 0 0 0
1 1 2 2 0 0 0 0 0 0 0 0 0 0 0 0
1 1 2 2 0 0 0 0 0 0 0 0 0 0 0 0
1 1 2 2 0 0 0 0 0 0 0 0 0 0 0 0
1 1 2 2 0 0 0 0 0 0 0 0 0 0 0 0
1 1 2 2 0 0 0 0 0 0 0 0 0 0 0 0
1 1 2 2 0 0 0 0 0 0 0 0 0 0 0 0
1 1 2 2 0 0 0 0 0 0 0 0 0 0 0 0
1 1 2 2 0 0 0 0 0 0 0 0 0 0 0 0
1 1 2 2 0 0 0 0 0 0 0 0 0 0 0 0
1 1 2 2 0 0 0 0 0 0 0 0 0 0 0 0
1 1 2 2 0 0 0 0 0 0 0 0 0 0 0 0
1 1 2 2 0 0 0 0 0 0 0 0 0 0 0 0
1 1 2 2 0 0 0 0 0 0 0 0 0 0 0 0
1 1 2 2 0 0 0 0 0 0 0 0 0 0 0 0
1 1 2 2 0 0 0 0 0 0 0 0 0 0 0 0
1 1 2 2 0 0 0 0 0 0 0 0 0 0 0 0
1 1 2 2 0 0 0 0 0 0 0 0 0 0 0 0
1 1 2 2 0 0 0 0 0 0 0 0 0 0 0 0
1 1 2 2 0 0 0 0 0 0 0 0 0 0 0 0
1 1 2 2 0 0 0 0 0 0 0 0 0 0 0 0
1 1 2 2 0 0 0 0 0 0 0 0 0 0 0 0
1 1 2 2 0 0 0 0 0 0 0 0 0 0 0 0
1 1 2 2 0 0 0 0 0 0 0 0 0 0 0 0
1 1 2 2 0 0 0 0 0 0 0 0 0 0 0 0
1 1 2 2 0 0 0 0 0 0 0 0 0 0 0 0
1 1 2 2 0 0 0 0 0 0 0 0 0 0 0 0
1 1 2 2 0 0 0 0 0 0 0 0 0 0 0 0
1 1 2 2 0 0 0 0 0 0 0 0 0 0 0 0
1 1 2 2 0 0 0 0 0 0 0 0 0 0 0 0
1 1 2 2 0 0 0 0 0 0 0 0 0 0 0 0
1 1 2 2 0 0 0 0 0 0 0 0 0 0 0 0
1 1 2 2 0 0 0 0 0 0 0 0 0 0 0 0
1 1 2 2 0 0 0 0 0 0 0 0 0 0 0 0
1 1 2 2 0 0 0 0 0 0 0 0 0 0 0 0
1 1 2 2 0 0 0 0 0 0 0 0 0 0 0 0
1 1 2 2 0 0 0 0 0 0 0 0 0 0 0 0
1 1 2 2 0 0 0 0 0 0 0 0 0 0 0 0
1 1 1 1 1 1 1 1 2 2 2 2 2 2 2 2
1 1 1 1 1 1 1 1 2 2 2 2 2 2 2 2
