66 51
31 10
8 8 20 20 8 8 28 20 15 15 15 15 1 1 1 1 23 23 1 1 1 1 1 1 1 1 1 1 1 1 1 1 31 1 1 1 1 1 1 1 1 1 1 1 1 1 1 1 1 1 1 1 1 1 1 1 1 1 1 1 1 1 1 1 1 1 
4 4 4 4 8 8 4 4 6 6 6 6 4 4 4 4 6 6 4 10 10 6 6 6 6 8 8 6 4 4 4 8 8 6 8 6 4 8 10 4 4 6 8 6 4 6 6 8 6 9 9 
1 6 18 24 28 39 43 50 0 0 0 0 0 0 0 0 0 0 0 0 0 0 0 0 0 0 0 0 0 0 0
2 5 17 25 29 38 42 50 0 0 0 0 0 0 0 0 0 0 0 0 0 0 0 0 0 0 0 0 0 0 0
3 6 7 9 11 13 18 20 21 23 27 32 33 34 37 38 42 46 49 50 0 0 0 0 0 0 0 0 0 0 0
4 5 8 10 12 14 17 20 21 22 26 32 33 35 36 39 43 47 48 50 0 0 0 0 0 0 0 0 0 0 0
4 5 12 21 26 39 48 51 0 0 0 0 0 0 0 0 0 0 0 0 0 0 0 0 0 0 0 0 0 0 0
3 6 11 20 27 38 49 51 0 0 0 0 0 0 0 0 0 0 0 0 0 0 0 0 0 0 0 0 0 0 0
2 5 8 10 12 15 17 19 20 21 22 23 26 27 28 32 33 35 36 39 40 41 43 44 46 47 48 51 0 0 0
1 6 7 9 11 16 18 19 24 25 28 30 31 35 36 39 43 44 48 51 0 0 0 0 0 0 0 0 0 0 0
4 5 10 12 14 20 21 26 32 35 39 47 48 50 51 0 0 0 0 0 0 0 0 0 0 0 0 0 0 0 0
3 6 9 11 13 20 21 27 33 34 38 46 49 50 51 0 0 0 0 0 0 0 0 0 0 0 0 0 0 0 0
2 5 10 15 17 24 25 29 31 34 38 42 45 50 51 0 0 0 0 0 0 0 0 0 0 0 0 0 0 0 0
1 6 9 16 18 24 25 28 30 35 39 43 44 50 51 0 0 0 0 0 0 0 0 0 0 0 0 0 0 0 0
1 0 0 0 0 0 0 0 0 0 0 0 0 0 0 0 0 0 0 0 0 0 0 0 0 0 0 0 0 0 0
2 0 0 0 0 0 0 0 0 0 0 0 0 0 0 0 0 0 0 0 0 0 0 0 0 0 0 0 0 0 0
3 0 0 0 0 0 0 0 0 0 0 0 0 0 0 0 0 0 0 0 0 0 0 0 0 0 0 0 0 0 0
4 0 0 0 0 0 0 0 0 0 0 0 0 0 0 0 0 0 0 0 0 0 0 0 0 0 0 0 0 0 0
5 8 10 12 14 15 17 20 21 22 23 26 27 32 33 35 36 39 40 43 44 47 48 0 0 0 0 0 0 0 0
6 7 9 11 13 16 18 20 21 22 23 26 27 32 33 34 37 38 41 42 45 46 49 0 0 0 0 0 0 0 0
5 0 0 0 0 0 0 0 0 0 0 0 0 0 0 0 0 0 0 0 0 0 0 0 0 0 0 0 0 0 0
6 0 0 0 0 0 0 0 0 0 0 0 0 0 0 0 0 0 0 0 0 0 0 0 0 0 0 0 0 0 0
7 0 0 0 0 0 0 0 0 0 0 0 0 0 0 0 0 0 0 0 0 0 0 0 0 0 0 0 0 0 0
8 0 0 0 0 0 0 0 0 0 0 0 0 0 0 0 0 0 0 0 0 0 0 0 0 0 0 0 0 0 0
9 0 0 0 0 0 0 0 0 0 0 0 0 0 0 0 0 0 0 0 0 0 0 0 0 0 0 0 0 0 0
10 0 0 0 0 0 0 0 0 0 0 0 0 0 0 0 0 0 0 0 0 0 0 0 0 0 0 0 0 0 0
11 0 0 0 0 0 0 0 0 0 0 0 0 0 0 0 0 0 0 0 0 0 0 0 0 0 0 0 0 0 0
12 0 0 0 0 0 0 0 0 0 0 0 0 0 0 0 0 0 0 0 0 0 0 0 0 0 0 0 0 0 0
13 0 0 0 0 0 0 0 0 0 0 0 0 0 0 0 0 0 0 0 0 0 0 0 0 0 0 0 0 0 0
14 0 0 0 0 0 0 0 0 0 0 0 0 0 0 0 0 0 0 0 0 0 0 0 0 0 0 0 0 0 0
15 0 0 0 0 0 0 0 0 0 0 0 0 0 0 0 0 0 0 0 0 0 0 0 0 0 0 0 0 0 0
16 0 0 0 0 0 0 0 0 0 0 0 0 0 0 0 0 0 0 0 0 0 0 0 0 0 0 0 0 0 0
17 0 0 0 0 0 0 0 0 0 0 0 0 0 0 0 0 0 0 0 0 0 0 0 0 0 0 0 0 0 0
18 0 0 0 0 0 0 0 0 0 0 0 0 0 0 0 0 0 0 0 0 0 0 0 0 0 0 0 0 0 0
19 20 21 22 23 24 25 26 27 28 29 30 31 32 33 34 35 36 37 38 39 40 41 42 43 44 45 46 47 48 49
19 0 0 0 0 0 0 0 0 0 0 0 0 0 0 0 0 0 0 0 0 0 0 0 0 0 0 0 0 0 0
20 0 0 0 0 0 0 0 0 0 0 0 0 0 0 0 0 0 0 0 0 0 0 0 0 0 0 0 0 0 0
21 0 0 0 0 0 0 0 0 0 0 0 0 0 0 0 0 0 0 0 0 0 0 0 0 0 0 0 0 0 0
22 0 0 0 0 0 0 0 0 0 0 0 0 0 0 0 0 0 0 0 0 0 0 0 0 0 0 0 0 0 0
23 0 0 0 0 0 0 0 0 0 0 0 0 0 0 0 0 0 0 0 0 0 0 0 0 0 0 0 0 0 0
24 0 0 0 0 0 0 0 0 0 0 0 0 0 0 0 0 0 0 0 0 0 0 0 0 0 0 0 0 0 0
25 0 0 0 0 0 0 0 0 0 0 0 0 0 0 0 0 0 0 0 0 0 0 0 0 0 0 0 0 0 0
26 0 0 0 0 0 0 0 0 0 0 0 0 0 0 0 0 0 0 0 0 0 0 0 0 0 0 0 0 0 0
27 0 0 0 0 0 0 0 0 0 0 0 0 0 0 0 0 0 0 0 0 0 0 0 0 0 0 0 0 0 0
28 0 0 0 0 0 0 0 0 0 0 0 0 0 0 0 0 0 0 0 0 0 0 0 0 0 0 0 0 0 0
29 0 0 0 0 0 0 0 0 0 0 0 0 0 0 0 0 0 0 0 0 0 0 0 0 0 0 0 0 0 0
30 0 0 0 0 0 0 0 0 0 0 0 0 0 0 0 0 0 0 0 0 0 0 0 0 0 0 0 0 0 0
31 0 0 0 0 0 0 0 0 0 0 0 0 0 0 0 0 0 0 0 0 0 0 0 0 0 0 0 0 0 0
32 0 0 0 0 0 0 0 0 0 0 0 0 0 0 0 0 0 0 0 0 0 0 0 0 0 0 0 0 0 0
33 0 0 0 0 0 0 0 0 0 0 0 0 0 0 0 0 0 0 0 0 0 0 0 0 0 0 0 0 0 0
34 0 0 0 0 0 0 0 0 0 0 0 0 0 0 0 0 0 0 0 0 0 0 0 0 0 0 0 0 0 0
35 0 0 0 0 0 0 0 0 0 0 0 0 0 0 0 0 0 0 0 0 0 0 0 0 0 0 0 0 0 0
36 0 0 0 0 0 0 0 0 0 0 0 0 0 0 0 0 0 0 0 0 0 0 0 0 0 0 0 0 0 0
37 0 0 0 0 0 0 0 0 0 0 0 0 0 0 0 0 0 0 0 0 0 0 0 0 0 0 0 0 0 0
38 0 0 0 0 0 0 0 0 0 0 0 0 0 0 0 0 0 0 0 0 0 0 0 0 0 0 0 0 0 0
39 0 0 0 0 0 0 0 0 0 0 0 0 0 0 0 0 0 0 0 0 0 0 0 0 0 0 0 0 0 0
40 0 0 0 0 0 0 0 0 0 0 0 0 0 0 0 0 0 0 0 0 0 0 0 0 0 0 0 0 0 0
41 0 0 0 0 0 0 0 0 0 0 0 0 0 0 0 0 0 0 0 0 0 0 0 0 0 0 0 0 0 0
42 0 0 0 0 0 0 0 0 0 0 0 0 0 0 0 0 0 0 0 0 0 0 0 0 0 0 0 0 0 0
43 0 0 0 0 0 0 0 0 0 0 0 0 0 0 0 0 0 0 0 0 0 0 0 0 0 0 0 0 0 0
44 0 0 0 0 0 0 0 0 0 0 0 0 0 0 0 0 0 0 0 0 0 0 0 0 0 0 0 0 0 0
45 0 0 0 0 0 0 0 0 0 0 0 0 0 0 0 0 0 0 0 0 0 0 0 0 0 0 0 0 0 0
46 0 0 0 0 0 0 0 0 0 0 0 0 0 0 0 0 0 0 0 0 0 0 0 0 0 0 0 0 0 0
47 0 0 0 0 0 0 0 0 0 0 0 0 0 0 0 0 0 0 0 0 0 0 0 0 0 0 0 0 0 0
48 0 0 0 0 0 0 0 0 0 0 0 0 0 0 0 0 0 0 0 0 0 0 0 0 0 0 0 0 0 0
49 0 0 0 0 0 0 0 0 0 0 0 0 0 0 0 0 0 0 0 0 0 0 0 0 0 0 0 0 0 0
50 0 0 0 0 0 0 0 0 0 0 0 0 0 0 0 0 0 0 0 0 0 0 0 0 0 0 0 0 0 0
51 0 0 0 0 0 0 0 0 0 0 0 0 0 0 0 0 0 0 0 0 0 0 0 0 0 0 0 0 0 0
1 8 12 13 0 0 0 0 0 0
2 7 11 14 0 0 0 0 0 0
3 6 10 15 0 0 0 0 0 0
4 5 9 16 0 0 0 0 0 0
2 4 5 7 9 11 17 19 0 0
1 3 6 8 10 12 18 20 0 0
3 8 18 21 0 0 0 0 0 0
4 7 17 22 0 0 0 0 0 0
3 8 10 12 18 23 0 0 0 0
4 7 9 11 17 24 0 0 0 0
3 6 8 10 18 25 0 0 0 0
4 5 7 9 17 26 0 0 0 0
3 10 18 27 0 0 0 0 0 0
4 9 17 28 0 0 0 0 0 0
7 11 17 29 0 0 0 0 0 0
8 12 18 30 0 0 0 0 0 0
2 4 7 11 17 31 0 0 0 0
1 3 8 12 18 32 0 0 0 0
7 8 33 34 0 0 0 0 0 0
3 4 6 7 9 10 17 18 33 35
3 4 5 7 9 10 17 18 33 36
4 7 17 18 33 37 0 0 0 0
3 7 17 18 33 38 0 0 0 0
1 8 11 12 33 39 0 0 0 0
2 8 11 12 33 40 0 0 0 0
4 5 7 9 17 18 33 41 0 0
3 6 7 10 17 18 33 42 0 0
1 7 8 12 33 43 0 0 0 0
2 11 33 44 0 0 0 0 0 0
8 12 33 45 0 0 0 0 0 0
8 11 33 46 0 0 0 0 0 0
3 4 7 9 17 18 33 47 0 0
3 4 7 10 17 18 33 48 0 0
3 10 11 18 33 49 0 0 0 0
4 7 8 9 12 17 33 50 0 0
4 7 8 17 33 51 0 0 0 0
3 18 33 52 0 0 0 0 0 0
2 3 6 10 11 18 33 53 0 0
1 4 5 7 8 9 12 17 33 54
7 17 33 55 0 0 0 0 0 0
7 18 33 56 0 0 0 0 0 0
2 3 11 18 33 57 0 0 0 0
1 4 7 8 12 17 33 58 0 0
7 8 12 17 33 59 0 0 0 0
11 18 33 60 0 0 0 0 0 0
3 7 10 18 33 61 0 0 0 0
4 7 9 17 33 62 0 0 0 0
4 5 7 8 9 17 33 63 0 0
3 6 10 18 33 64 0 0 0 0
1 2 3 4 9 10 11 12 65 0
5 6 7 8 9 10 11 12 66 0
