128 82
25 20
25 23 19 21 21 21 25 21 25 23 19 21 21 21 25 21 21 21 21 25 25 1 21 1 21 21 21 25 25 1 21 1 19 23 23 1 23 1 1 1 19 23 23 1 23 1 1 1 19 19 1 1 1 1 1 1 19 19 1 1 1 1 1 1 15 1 1 1 1 1 1 1 15 1 1 1 1 1 1 1 15 1 1 1 1 1 1 1 15 1 1 1 1 1 1 1 15 1 1 1 1 1 1 1 15 1 1 1 1 1 1 1 1 1 1 1 1 1 1 1 1 1 1 1 1 1 1 1 
8 8 8 8 16 12 12 12 16 12 12 12 12 12 12 8 8 8 12 12 12 8 8 8 16 12 20 16 10 14 16 16 12 20 16 10 14 16 8 12 18 8 16 10 14 8 12 18 8 16 10 14 14 16 8 8 12 12 12 14 16 8 8 12 12 12 14 12 18 18 16 18 16 10 14 12 18 18 16 18 16 10 
1 5 6 8 13 14 16 25 26 27 28 30 40 41 42 43 45 54 58 59 69 70 71 72 73
1 5 7 8 13 14 18 25 27 28 30 31 39 42 44 53 54 59 67 68 69 71 74 0 0
2 5 17 25 26 27 28 29 30 31 43 53 67 68 69 70 72 73 74 0 0 0 0 0 0
2 5 6 7 15 26 27 29 30 31 41 43 45 53 54 57 67 69 70 72 73 0 0 0 0
2 5 7 8 14 15 17 27 28 29 30 31 41 43 44 57 67 68 69 70 73 0 0 0 0
2 5 6 8 13 15 16 25 27 28 40 41 43 55 58 59 67 69 70 71 72 0 0 0 0
1 5 6 7 14 25 26 27 30 31 39 40 41 43 45 53 54 57 58 59 67 70 71 72 73
1 5 13 15 18 25 27 28 29 31 40 41 45 55 57 58 67 69 70 71 74 0 0 0 0
3 9 10 12 19 20 22 32 33 34 35 37 47 48 49 50 52 61 65 66 77 78 79 80 81
3 9 11 12 19 20 24 32 34 35 37 38 46 49 51 60 61 66 75 76 77 79 82 0 0
4 9 23 32 33 34 35 36 37 38 50 60 75 76 77 78 80 81 82 0 0 0 0 0 0
4 9 10 11 21 33 34 36 37 38 48 50 52 60 61 64 75 77 78 80 81 0 0 0 0
4 9 11 12 20 21 23 34 35 36 37 38 48 50 51 64 75 76 77 78 81 0 0 0 0
4 9 10 12 19 21 22 32 34 35 47 48 50 62 65 66 75 77 78 79 80 0 0 0 0
3 9 10 11 20 32 33 34 37 38 46 47 48 50 52 60 61 64 65 66 75 78 79 80 81
3 9 19 21 24 32 34 35 36 38 47 48 52 62 64 65 75 77 78 79 82 0 0 0 0
2 5 7 15 17 26 27 28 29 30 31 41 43 53 57 67 68 69 70 72 73 0 0 0 0
2 5 6 7 8 15 16 25 28 40 41 43 45 53 54 56 57 68 71 73 74 0 0 0 0
1 5 7 13 14 15 18 25 27 28 31 39 42 43 44 55 56 57 58 72 73 0 0 0 0
1 5 6 7 8 13 14 25 26 27 28 30 31 40 41 43 45 53 54 58 59 70 71 72 73
1 6 8 13 14 16 18 25 26 27 28 41 42 43 45 54 57 58 59 68 69 70 71 72 73
1 0 0 0 0 0 0 0 0 0 0 0 0 0 0 0 0 0 0 0 0 0 0 0 0
2 6 8 13 14 15 17 26 28 29 31 39 43 44 45 53 54 55 58 69 72 0 0 0 0
2 0 0 0 0 0 0 0 0 0 0 0 0 0 0 0 0 0 0 0 0 0 0 0 0
4 9 11 21 23 33 34 35 36 37 38 48 50 60 64 75 76 77 78 80 81 0 0 0 0
4 9 10 11 12 21 22 32 35 47 48 50 52 60 61 63 64 76 79 81 82 0 0 0 0
3 9 11 19 20 21 24 32 34 35 38 46 49 50 51 62 63 64 65 80 81 0 0 0 0
3 9 10 11 12 19 20 32 33 34 35 37 38 47 48 50 52 60 61 65 66 78 79 80 81
3 10 12 19 20 22 24 32 33 34 35 48 49 50 52 61 64 65 66 76 77 78 79 80 81
3 0 0 0 0 0 0 0 0 0 0 0 0 0 0 0 0 0 0 0 0 0 0 0 0
4 10 12 19 20 21 23 33 35 36 38 46 50 51 52 60 61 62 65 77 80 0 0 0 0
4 0 0 0 0 0 0 0 0 0 0 0 0 0 0 0 0 0 0 0 0 0 0 0 0
5 6 7 26 27 30 31 39 41 43 45 53 54 57 58 67 70 72 73 0 0 0 0 0 0
5 6 8 13 14 15 16 25 27 28 30 40 41 42 43 54 55 58 59 69 70 71 72 0 0
5 7 8 13 14 17 18 25 27 28 30 39 41 42 44 53 54 56 59 68 69 71 74 0 0
5 0 0 0 0 0 0 0 0 0 0 0 0 0 0 0 0 0 0 0 0 0 0 0 0
6 7 8 15 16 17 18 26 27 30 31 40 41 44 45 54 55 56 57 69 70 71 72 0 0
6 0 0 0 0 0 0 0 0 0 0 0 0 0 0 0 0 0 0 0 0 0 0 0 0
7 0 0 0 0 0 0 0 0 0 0 0 0 0 0 0 0 0 0 0 0 0 0 0 0
8 0 0 0 0 0 0 0 0 0 0 0 0 0 0 0 0 0 0 0 0 0 0 0 0
9 10 11 33 34 37 38 46 48 50 52 60 61 64 65 75 78 80 81 0 0 0 0 0 0
9 10 12 19 20 21 22 32 34 35 37 47 48 49 50 61 62 65 66 77 78 79 80 0 0
9 11 12 19 20 23 24 32 34 35 37 46 48 49 51 60 61 63 66 76 77 79 82 0 0
9 0 0 0 0 0 0 0 0 0 0 0 0 0 0 0 0 0 0 0 0 0 0 0 0
10 11 12 21 22 23 24 33 34 37 38 47 48 51 52 61 62 63 64 77 78 79 80 0 0
10 0 0 0 0 0 0 0 0 0 0 0 0 0 0 0 0 0 0 0 0 0 0 0 0
11 0 0 0 0 0 0 0 0 0 0 0 0 0 0 0 0 0 0 0 0 0 0 0 0
12 0 0 0 0 0 0 0 0 0 0 0 0 0 0 0 0 0 0 0 0 0 0 0 0
14 16 17 25 27 29 31 40 41 44 45 53 54 56 59 67 70 71 74 0 0 0 0 0 0
13 15 18 25 27 29 31 40 41 44 45 53 54 56 59 68 69 72 73 0 0 0 0 0 0
13 0 0 0 0 0 0 0 0 0 0 0 0 0 0 0 0 0 0 0 0 0 0 0 0
14 0 0 0 0 0 0 0 0 0 0 0 0 0 0 0 0 0 0 0 0 0 0 0 0
15 0 0 0 0 0 0 0 0 0 0 0 0 0 0 0 0 0 0 0 0 0 0 0 0
16 0 0 0 0 0 0 0 0 0 0 0 0 0 0 0 0 0 0 0 0 0 0 0 0
17 0 0 0 0 0 0 0 0 0 0 0 0 0 0 0 0 0 0 0 0 0 0 0 0
18 0 0 0 0 0 0 0 0 0 0 0 0 0 0 0 0 0 0 0 0 0 0 0 0
20 22 23 32 34 36 38 47 48 51 52 60 61 63 66 75 78 79 82 0 0 0 0 0 0
19 21 24 32 34 36 38 47 48 51 52 60 61 63 66 76 77 80 81 0 0 0 0 0 0
19 0 0 0 0 0 0 0 0 0 0 0 0 0 0 0 0 0 0 0 0 0 0 0 0
20 0 0 0 0 0 0 0 0 0 0 0 0 0 0 0 0 0 0 0 0 0 0 0 0
21 0 0 0 0 0 0 0 0 0 0 0 0 0 0 0 0 0 0 0 0 0 0 0 0
22 0 0 0 0 0 0 0 0 0 0 0 0 0 0 0 0 0 0 0 0 0 0 0 0
23 0 0 0 0 0 0 0 0 0 0 0 0 0 0 0 0 0 0 0 0 0 0 0 0
24 0 0 0 0 0 0 0 0 0 0 0 0 0 0 0 0 0 0 0 0 0 0 0 0
25 26 27 28 29 30 31 67 68 69 70 71 72 73 74 0 0 0 0 0 0 0 0 0 0
25 0 0 0 0 0 0 0 0 0 0 0 0 0 0 0 0 0 0 0 0 0 0 0 0
26 0 0 0 0 0 0 0 0 0 0 0 0 0 0 0 0 0 0 0 0 0 0 0 0
27 0 0 0 0 0 0 0 0 0 0 0 0 0 0 0 0 0 0 0 0 0 0 0 0
28 0 0 0 0 0 0 0 0 0 0 0 0 0 0 0 0 0 0 0 0 0 0 0 0
29 0 0 0 0 0 0 0 0 0 0 0 0 0 0 0 0 0 0 0 0 0 0 0 0
30 0 0 0 0 0 0 0 0 0 0 0 0 0 0 0 0 0 0 0 0 0 0 0 0
31 0 0 0 0 0 0 0 0 0 0 0 0 0 0 0 0 0 0 0 0 0 0 0 0
32 33 34 35 36 37 38 75 76 77 78 79 80 81 82 0 0 0 0 0 0 0 0 0 0
32 0 0 0 0 0 0 0 0 0 0 0 0 0 0 0 0 0 0 0 0 0 0 0 0
33 0 0 0 0 0 0 0 0 0 0 0 0 0 0 0 0 0 0 0 0 0 0 0 0
34 0 0 0 0 0 0 0 0 0 0 0 0 0 0 0 0 0 0 0 0 0 0 0 0
35 0 0 0 0 0 0 0 0 0 0 0 0 0 0 0 0 0 0 0 0 0 0 0 0
36 0 0 0 0 0 0 0 0 0 0 0 0 0 0 0 0 0 0 0 0 0 0 0 0
37 0 0 0 0 0 0 0 0 0 0 0 0 0 0 0 0 0 0 0 0 0 0 0 0
38 0 0 0 0 0 0 0 0 0 0 0 0 0 0 0 0 0 0 0 0 0 0 0 0
39 40 41 42 43 44 45 67 68 69 70 71 72 73 74 0 0 0 0 0 0 0 0 0 0
39 0 0 0 0 0 0 0 0 0 0 0 0 0 0 0 0 0 0 0 0 0 0 0 0
40 0 0 0 0 0 0 0 0 0 0 0 0 0 0 0 0 0 0 0 0 0 0 0 0
41 0 0 0 0 0 0 0 0 0 0 0 0 0 0 0 0 0 0 0 0 0 0 0 0
42 0 0 0 0 0 0 0 0 0 0 0 0 0 0 0 0 0 0 0 0 0 0 0 0
43 0 0 0 0 0 0 0 0 0 0 0 0 0 0 0 0 0 0 0 0 0 0 0 0
44 0 0 0 0 0 0 0 0 0 0 0 0 0 0 0 0 0 0 0 0 0 0 0 0
45 0 0 0 0 0 0 0 0 0 0 0 0 0 0 0 0 0 0 0 0 0 0 0 0
46 47 48 49 50 51 52 75 76 77 78 79 80 81 82 0 0 0 0 0 0 0 0 0 0
46 0 0 0 0 0 0 0 0 0 0 0 0 0 0 0 0 0 0 0 0 0 0 0 0
47 0 0 0 0 0 0 0 0 0 0 0 0 0 0 0 0 0 0 0 0 0 0 0 0
48 0 0 0 0 0 0 0 0 0 0 0 0 0 0 0 0 0 0 0 0 0 0 0 0
49 0 0 0 0 0 0 0 0 0 0 0 0 0 0 0 0 0 0 0 0 0 0 0 0
50 0 0 0 0 0 0 0 0 0 0 0 0 0 0 0 0 0 0 0 0 0 0 0 0
51 0 0 0 0 0 0 0 0 0 0 0 0 0 0 0 0 0 0 0 0 0 0 0 0
52 0 0 0 0 0 0 0 0 0 0 0 0 0 0 0 0 0 0 0 0 0 0 0 0
53 54 55 56 57 58 59 67 68 69 70 71 72 73 74 0 0 0 0 0 0 0 0 0 0
53 0 0 0 0 0 0 0 0 0 0 0 0 0 0 0 0 0 0 0 0 0 0 0 0
54 0 0 0 0 0 0 0 0 0 0 0 0 0 0 0 0 0 0 0 0 0 0 0 0
55 0 0 0 0 0 0 0 0 0 0 0 0 0 0 0 0 0 0 0 0 0 0 0 0
56 0 0 0 0 0 0 0 0 0 0 0 0 0 0 0 0 0 0 0 0 0 0 0 0
57 0 0 0 0 0 0 0 0 0 0 0 0 0 0 0 0 0 0 0 0 0 0 0 0
58 0 0 0 0 0 0 0 0 0 0 0 0 0 0 0 0 0 0 0 0 0 0 0 0
59 0 0 0 0 0 0 0 0 0 0 0 0 0 0 0 0 0 0 0 0 0 0 0 0
60 61 62 63 64 65 66 75 76 77 78 79 80 81 82 0 0 0 0 0 0 0 0 0 0
60 0 0 0 0 0 0 0 0 0 0 0 0 0 0 0 0 0 0 0 0 0 0 0 0
61 0 0 0 0 0 0 0 0 0 0 0 0 0 0 0 0 0 0 0 0 0 0 0 0
62 0 0 0 0 0 0 0 0 0 0 0 0 0 0 0 0 0 0 0 0 0 0 0 0
63 0 0 0 0 0 0 0 0 0 0 0 0 0 0 0 0 0 0 0 0 0 0 0 0
64 0 0 0 0 0 0 0 0 0 0 0 0 0 0 0 0 0 0 0 0 0 0 0 0
65 0 0 0 0 0 0 0 0 0 0 0 0 0 0 0 0 0 0 0 0 0 0 0 0
66 0 0 0 0 0 0 0 0 0 0 0 0 0 0 0 0 0 0 0 0 0 0 0 0
67 0 0 0 0 0 0 0 0 0 0 0 0 0 0 0 0 0 0 0 0 0 0 0 0
68 0 0 0 0 0 0 0 0 0 0 0 0 0 0 0 0 0 0 0 0 0 0 0 0
69 0 0 0 0 0 0 0 0 0 0 0 0 0 0 0 0 0 0 0 0 0 0 0 0
70 0 0 0 0 0 0 0 0 0 0 0 0 0 0 0 0 0 0 0 0 0 0 0 0
71 0 0 0 0 0 0 0 0 0 0 0 0 0 0 0 0 0 0 0 0 0 0 0 0
72 0 0 0 0 0 0 0 0 0 0 0 0 0 0 0 0 0 0 0 0 0 0 0 0
73 0 0 0 0 0 0 0 0 0 0 0 0 0 0 0 0 0 0 0 0 0 0 0 0
74 0 0 0 0 0 0 0 0 0 0 0 0 0 0 0 0 0 0 0 0 0 0 0 0
75 0 0 0 0 0 0 0 0 0 0 0 0 0 0 0 0 0 0 0 0 0 0 0 0
76 0 0 0 0 0 0 0 0 0 0 0 0 0 0 0 0 0 0 0 0 0 0 0 0
77 0 0 0 0 0 0 0 0 0 0 0 0 0 0 0 0 0 0 0 0 0 0 0 0
78 0 0 0 0 0 0 0 0 0 0 0 0 0 0 0 0 0 0 0 0 0 0 0 0
79 0 0 0 0 0 0 0 0 0 0 0 0 0 0 0 0 0 0 0 0 0 0 0 0
80 0 0 0 0 0 0 0 0 0 0 0 0 0 0 0 0 0 0 0 0 0 0 0 0
81 0 0 0 0 0 0 0 0 0 0 0 0 0 0 0 0 0 0 0 0 0 0 0 0
82 0 0 0 0 0 0 0 0 0 0 0 0 0 0 0 0 0 0 0 0 0 0 0 0
1 2 7 8 19 20 21 22 0 0 0 0 0 0 0 0 0 0 0 0
3 4 5 6 17 18 23 24 0 0 0 0 0 0 0 0 0 0 0 0
9 10 15 16 27 28 29 30 0 0 0 0 0 0 0 0 0 0 0 0
11 12 13 14 25 26 31 32 0 0 0 0 0 0 0 0 0 0 0 0
1 2 3 4 5 6 7 8 17 18 19 20 33 34 35 36 0 0 0 0
1 4 6 7 18 20 21 23 33 34 37 38 0 0 0 0 0 0 0 0
2 4 5 7 17 18 19 20 33 35 37 39 0 0 0 0 0 0 0 0
1 2 5 6 18 20 21 23 34 35 37 40 0 0 0 0 0 0 0 0
9 10 11 12 13 14 15 16 25 26 27 28 41 42 43 44 0 0 0 0
9 12 14 15 26 28 29 31 41 42 45 46 0 0 0 0 0 0 0 0
10 12 13 15 25 26 27 28 41 43 45 47 0 0 0 0 0 0 0 0
9 10 13 14 26 28 29 31 42 43 45 48 0 0 0 0 0 0 0 0
1 2 6 8 19 20 21 23 34 35 50 51 0 0 0 0 0 0 0 0
1 2 5 7 19 20 21 23 34 35 49 52 0 0 0 0 0 0 0 0
4 5 6 8 17 18 19 23 34 37 50 53 0 0 0 0 0 0 0 0
1 6 18 21 34 37 49 54 0 0 0 0 0 0 0 0 0 0 0 0
3 5 17 23 35 37 49 55 0 0 0 0 0 0 0 0 0 0 0 0
2 8 19 21 35 37 50 56 0 0 0 0 0 0 0 0 0 0 0 0
9 10 14 16 27 28 29 31 42 43 58 59 0 0 0 0 0 0 0 0
9 10 13 15 27 28 29 31 42 43 57 60 0 0 0 0 0 0 0 0
12 13 14 16 25 26 27 31 42 45 58 61 0 0 0 0 0 0 0 0
9 14 26 29 42 45 57 62 0 0 0 0 0 0 0 0 0 0 0 0
11 13 25 31 43 45 57 63 0 0 0 0 0 0 0 0 0 0 0 0
10 16 27 29 43 45 58 64 0 0 0 0 0 0 0 0 0 0 0 0
1 2 3 6 7 8 18 19 20 21 34 35 49 50 65 66 0 0 0 0
1 3 4 7 17 20 21 23 33 37 65 67 0 0 0 0 0 0 0 0
1 2 3 4 5 6 7 8 17 19 20 21 33 34 35 37 49 50 65 68
1 2 3 5 6 8 17 18 19 20 21 23 34 35 65 69 0 0 0 0
3 4 5 8 17 23 49 50 65 70 0 0 0 0 0 0 0 0 0 0
1 2 3 4 5 7 17 20 33 34 35 37 65 71 0 0 0 0 0 0
2 3 4 5 7 8 17 19 20 23 33 37 49 50 65 72 0 0 0 0
9 10 11 14 15 16 26 27 28 29 42 43 57 58 73 74 0 0 0 0
9 11 12 15 25 28 29 31 41 45 73 75 0 0 0 0 0 0 0 0
9 10 11 12 13 14 15 16 25 27 28 29 41 42 43 45 57 58 73 76
9 10 11 13 14 16 25 26 27 28 29 31 42 43 73 77 0 0 0 0
11 12 13 16 25 31 57 58 73 78 0 0 0 0 0 0 0 0 0 0
9 10 11 12 13 15 25 28 41 42 43 45 73 79 0 0 0 0 0 0
10 11 12 13 15 16 25 27 28 31 41 45 57 58 73 80 0 0 0 0
2 7 19 23 33 35 81 82 0 0 0 0 0 0 0 0 0 0 0 0
1 6 7 8 18 20 34 37 49 50 81 83 0 0 0 0 0 0 0 0
1 4 5 6 7 8 17 18 20 21 33 34 35 37 49 50 81 84 0 0
1 2 19 21 34 35 81 85 0 0 0 0 0 0 0 0 0 0 0 0
1 3 4 5 6 7 17 18 19 20 21 23 33 34 81 86 0 0 0 0
2 5 19 23 35 37 49 50 81 87 0 0 0 0 0 0 0 0 0 0
1 4 7 8 18 20 21 23 33 37 49 50 81 88 0 0 0 0 0 0
10 15 27 31 41 43 89 90 0 0 0 0 0 0 0 0 0 0 0 0
9 14 15 16 26 28 42 45 57 58 89 91 0 0 0 0 0 0 0 0
9 12 13 14 15 16 25 26 28 29 41 42 43 45 57 58 89 92 0 0
9 10 27 29 42 43 89 93 0 0 0 0 0 0 0 0 0 0 0 0
9 11 12 13 14 15 25 26 27 28 29 31 41 42 89 94 0 0 0 0
10 13 27 31 43 45 57 58 89 95 0 0 0 0 0 0 0 0 0 0
9 12 15 16 26 28 29 31 41 45 57 58 89 96 0 0 0 0 0 0
2 3 4 7 17 18 20 23 33 35 49 50 97 98 0 0 0 0 0 0
1 2 4 7 18 20 21 23 33 34 35 37 49 50 97 99 0 0 0 0
6 8 19 23 34 37 97 100 0 0 0 0 0 0 0 0 0 0 0 0
18 19 35 37 49 50 97 101 0 0 0 0 0 0 0 0 0 0 0 0
4 5 7 8 17 18 19 21 33 37 97 102 0 0 0 0 0 0 0 0
1 6 7 8 19 20 21 23 33 34 97 103 0 0 0 0 0 0 0 0
1 2 6 7 20 21 34 35 49 50 97 104 0 0 0 0 0 0 0 0
10 11 12 15 25 26 28 31 41 43 57 58 105 106 0 0 0 0 0 0
9 10 12 15 26 28 29 31 41 42 43 45 57 58 105 107 0 0 0 0
14 16 27 31 42 45 105 108 0 0 0 0 0 0 0 0 0 0 0 0
26 27 43 45 57 58 105 109 0 0 0 0 0 0 0 0 0 0 0 0
12 13 15 16 25 26 27 29 41 45 105 110 0 0 0 0 0 0 0 0
9 14 15 16 27 28 29 31 41 42 105 111 0 0 0 0 0 0 0 0
9 10 14 15 28 29 42 43 57 58 105 112 0 0 0 0 0 0 0 0
2 3 4 5 6 7 8 17 33 49 65 81 97 113 0 0 0 0 0 0
2 3 5 17 18 21 35 50 65 81 97 114 0 0 0 0 0 0 0 0
1 2 3 4 5 6 8 17 21 23 34 35 37 50 65 81 97 115 0 0
1 3 4 5 6 7 8 17 20 21 33 34 37 49 65 81 97 116 0 0
1 2 6 7 8 18 20 21 34 35 37 49 65 81 97 117 0 0 0 0
1 3 4 6 7 17 19 20 21 23 33 34 37 50 65 81 97 118 0 0
1 3 4 5 7 17 18 19 20 21 33 50 65 81 97 119 0 0 0 0
2 3 8 18 35 49 65 81 97 120 0 0 0 0 0 0 0 0 0 0
10 11 12 13 14 15 16 25 41 57 73 89 105 121 0 0 0 0 0 0
10 11 13 25 26 29 43 58 73 89 105 122 0 0 0 0 0 0 0 0
9 10 11 12 13 14 16 25 29 31 42 43 45 58 73 89 105 123 0 0
9 11 12 13 14 15 16 25 28 29 41 42 45 57 73 89 105 124 0 0
9 10 14 15 16 26 28 29 42 43 45 57 73 89 105 125 0 0 0 0
9 11 12 14 15 25 27 28 29 31 41 42 45 58 73 89 105 126 0 0
9 11 12 13 15 25 26 27 28 29 41 58 73 89 105 127 0 0 0 0
10 11 16 26 43 57 73 89 105 128 0 0 0 0 0 0 0 0 0 0
