128 128
8 8
8 8 8 8 8 8 8 8 8 8 8 8 8 8 8 8 8 8 8 8 8 8 8 8 8 8 8 8 8 8 8 8 8 8 8 8 8 8 8 8 8 8 8 8 8 8 8 8 8 8 8 8 8 8 8 8 8 8 8 8 8 8 8 8 8 8 8 8 8 8 8 8 8 8 8 8 8 8 8 8 8 8 8 8 8 8 8 8 8 8 8 8 8 8 8 8 8 8 8 8 8 8 8 8 8 8 8 8 8 8 8 8 8 8 8 8 8 8 8 8 8 8 8 8 8 8 8 8 
8 8 8 8 8 8 8 8 8 8 8 8 8 8 8 8 8 8 8 8 8 8 8 8 8 8 8 8 8 8 8 8 8 8 8 8 8 8 8 8 8 8 8 8 8 8 8 8 8 8 8 8 8 8 8 8 8 8 8 8 8 8 8 8 8 8 8 8 8 8 8 8 8 8 8 8 8 8 8 8 8 8 8 8 8 8 8 8 8 8 8 8 8 8 8 8 8 8 8 8 8 8 8 8 8 8 8 8 8 8 8 8 8 8 8 8 8 8 8 8 8 8 8 8 8 8 8 8 
1 21 34 54 65 81 97 113
2 22 33 53 66 82 98 114
3 23 36 56 67 83 99 115
4 24 35 55 68 84 100 116
5 17 38 50 69 85 101 117
6 18 37 49 70 86 102 118
7 19 40 52 71 87 103 119
8 20 39 51 72 88 104 120
9 29 42 62 73 89 105 121
10 30 41 61 74 90 106 122
11 31 44 64 75 91 107 123
12 32 43 63 76 92 108 124
13 25 46 58 77 93 109 125
14 26 45 57 78 94 110 126
15 27 48 60 79 95 111 127
16 28 47 59 80 96 112 128
4 23 37 50 66 83 100 117
3 24 38 49 65 84 99 118
2 21 39 52 68 81 98 119
1 22 40 51 67 82 97 120
8 19 33 54 70 87 104 113
7 20 34 53 69 88 103 114
6 17 35 56 72 85 102 115
5 18 36 55 71 86 101 116
12 31 45 58 74 91 108 125
11 32 46 57 73 92 107 126
10 29 47 60 76 89 106 127
9 30 48 59 75 90 105 128
16 27 41 62 78 95 112 121
15 28 42 61 77 96 111 122
14 25 43 64 80 93 110 123
13 26 44 63 79 94 109 124
7 17 33 55 68 87 102 120
8 18 34 56 67 88 101 119
5 19 35 53 66 85 104 118
6 20 36 54 65 86 103 117
3 21 37 51 72 83 98 116
4 22 38 52 71 84 97 115
1 23 39 49 70 81 100 114
2 24 40 50 69 82 99 113
15 25 41 63 76 95 110 128
16 26 42 64 75 96 109 127
13 27 43 61 74 93 112 126
14 28 44 62 73 94 111 125
11 29 45 59 80 91 106 124
12 30 46 60 79 92 105 123
9 31 47 57 78 89 108 122
10 32 48 58 77 90 107 121
6 19 38 51 70 82 101 115
5 20 37 52 69 81 102 116
8 17 40 49 72 84 103 113
7 18 39 50 71 83 104 114
2 23 34 55 66 86 97 119
1 24 33 56 65 85 98 120
4 21 36 53 68 88 99 117
3 22 35 54 67 87 100 118
14 27 46 59 78 90 109 123
13 28 45 60 77 89 110 124
16 25 48 57 80 92 111 121
15 26 47 58 79 91 112 122
10 31 42 63 74 94 105 127
9 32 41 64 73 93 106 128
12 29 44 61 76 96 107 125
11 30 43 62 75 95 108 126
8 24 36 52 67 85 103 116
7 23 35 51 68 86 104 115
6 22 34 50 65 87 101 114
5 21 33 49 66 88 102 113
4 20 40 56 71 81 99 120
3 19 39 55 72 82 100 119
2 18 38 54 69 83 97 118
1 17 37 53 70 84 98 117
16 32 44 60 75 93 111 124
15 31 43 59 76 94 112 123
14 30 42 58 73 95 109 122
13 29 41 57 74 96 110 121
12 28 48 64 79 89 107 128
11 27 47 63 80 90 108 127
10 26 46 62 77 91 105 126
9 25 45 61 78 92 106 125
5 22 39 56 71 88 98 118
6 21 40 55 72 87 97 117
7 24 37 54 69 86 100 120
8 23 38 53 70 85 99 119
1 18 35 52 67 84 102 114
2 17 36 51 68 83 101 113
3 20 33 50 65 82 104 116
4 19 34 49 66 81 103 115
13 30 47 64 79 96 106 126
14 29 48 63 80 95 105 125
15 32 45 62 77 94 108 128
16 31 46 61 78 93 107 127
9 26 43 60 75 92 110 122
10 25 44 59 76 91 109 121
11 28 41 58 73 90 112 124
12 27 42 57 74 89 111 123
2 20 35 49 72 86 99 114
1 19 36 50 71 85 100 113
4 18 33 51 70 88 97 116
3 17 34 52 69 87 98 115
6 24 39 53 68 82 103 118
5 23 40 54 67 81 104 117
8 22 37 55 66 84 101 120
7 21 38 56 65 83 102 119
10 28 43 57 80 94 107 122
9 27 44 58 79 93 108 121
12 26 41 59 78 96 105 124
11 25 42 60 77 95 106 123
14 32 47 61 76 90 111 126
13 31 48 62 75 89 112 125
16 30 45 63 74 92 109 128
15 29 46 64 73 91 110 127
3 18 40 53 69 84 104 119
4 17 39 54 70 83 103 120
1 20 38 55 71 82 102 117
2 19 37 56 72 81 101 118
7 22 36 49 65 88 100 115
8 21 35 50 66 87 99 116
5 24 34 51 67 86 98 113
6 23 33 52 68 85 97 114
11 26 48 61 77 92 112 127
12 25 47 62 78 91 111 128
9 28 46 63 79 90 110 125
10 27 45 64 80 89 109 126
15 30 44 57 73 96 108 123
16 29 43 58 74 95 107 124
13 32 42 59 75 94 106 121
14 31 41 60 76 93 105 122
1 20 39 54 72 85 98 115
2 19 40 53 71 86 97 116
3 18 37 56 70 87 100 113
4 17 38 55 69 88 99 114
5 24 35 50 68 81 102 119
6 23 36 49 67 82 101 120
7 22 33 52 66 83 104 117
8 21 34 51 65 84 103 118
9 28 47 62 80 93 106 123
10 27 48 61 79 94 105 124
11 26 45 64 78 95 108 121
12 25 46 63 77 96 107 122
13 32 43 58 76 89 110 127
14 31 44 57 75 90 109 128
15 30 41 60 74 91 112 125
16 29 42 59 73 92 111 126
5 23 33 51 72 86 100 114
6 24 34 52 71 85 99 113
7 21 35 49 70 88 98 116
8 22 36 50 69 87 97 115
1 19 37 55 68 82 104 118
2 20 38 56 67 81 103 117
3 17 39 53 66 84 102 120
4 18 40 54 65 83 101 119
13 31 41 59 80 94 108 122
14 32 42 60 79 93 107 121
15 29 43 57 78 96 106 124
16 30 44 58 77 95 105 123
9 27 45 63 76 90 112 126
10 28 46 64 75 89 111 125
11 25 47 61 74 92 110 128
12 26 48 62 73 91 109 127
2 21 33 54 68 87 99 120
1 22 34 53 67 88 100 119
4 23 35 56 66 85 97 118
3 24 36 55 65 86 98 117
6 17 37 50 72 83 103 116
5 18 38 49 71 84 104 115
8 19 39 52 70 81 101 114
7 20 40 51 69 82 102 113
10 29 41 62 76 95 107 128
9 30 42 61 75 96 108 127
12 31 43 64 74 93 105 126
11 32 44 63 73 94 106 125
14 25 45 58 80 91 111 124
13 26 46 57 79 92 112 123
16 27 47 60 78 89 109 122
15 28 48 59 77 90 110 121
6 18 39 51 68 88 97 117
5 17 40 52 67 87 98 118
8 20 37 49 66 86 99 119
7 19 38 50 65 85 100 120
2 22 35 55 72 84 101 113
1 21 36 56 71 83 102 114
4 24 33 53 70 82 103 115
3 23 34 54 69 81 104 116
14 26 47 59 76 96 105 125
13 25 48 60 75 95 106 126
16 28 45 57 74 94 107 127
15 27 46 58 73 93 108 128
10 30 43 63 80 92 109 121
9 29 44 64 79 91 110 122
12 32 41 61 78 90 111 123
11 31 42 62 77 89 112 124
1 18 36 54 67 87 104 117
2 17 35 53 68 88 103 118
3 20 34 56 65 85 102 119
4 19 33 55 66 86 101 120
5 22 40 50 71 83 100 113
6 21 39 49 72 84 99 114
7 24 38 52 69 81 98 115
8 23 37 51 70 82 97 116
9 26 44 62 75 95 112 125
10 25 43 61 76 96 111 126
11 28 42 64 73 93 110 127
12 27 41 63 74 94 109 128
13 30 48 58 79 91 108 121
14 29 47 57 80 92 107 122
15 32 46 60 77 89 106 123
16 31 45 59 78 90 105 124
1 19 39 50 69 88 102 116
2 20 40 49 70 87 101 115
3 17 37 52 71 86 104 114
4 18 38 51 72 85 103 113
5 23 35 54 65 84 98 120
6 24 36 53 66 83 97 119
7 21 33 56 67 82 100 118
8 22 34 55 68 81 99 117
9 27 47 58 77 96 110 124
10 28 48 57 78 95 109 123
11 25 45 60 79 94 112 122
12 26 46 59 80 93 111 121
13 31 43 62 73 92 106 128
14 32 44 61 74 91 105 127
15 29 41 64 75 90 108 126
16 30 42 63 76 89 107 125
1 20 38 53 71 82 99 120
2 19 37 54 72 81 100 119
3 18 40 55 69 84 97 118
4 17 39 56 70 83 98 117
5 24 34 49 67 86 103 116
6 23 33 50 68 85 104 115
7 22 36 51 65 88 101 114
8 21 35 52 66 87 102 113
9 28 46 61 79 90 107 128
10 27 45 62 80 89 108 127
11 26 48 63 77 92 105 126
12 25 47 64 78 91 106 125
13 32 42 57 75 94 111 124
14 31 41 58 76 93 112 123
15 30 44 59 73 96 109 122
16 29 43 60 74 95 110 121
1 21 40 51 68 86 98 119
2 22 39 52 67 85 97 120
3 23 38 49 66 88 100 117
4 24 37 50 65 87 99 118
5 17 36 55 72 82 102 115
6 18 35 56 71 81 101 116
7 19 34 53 70 84 104 113
8 20 33 54 69 83 103 114
9 29 48 59 76 94 106 127
10 30 47 60 75 93 105 128
11 31 46 57 74 96 108 125
12 32 45 58 73 95 107 126
13 25 44 63 80 90 110 123
14 26 43 64 79 89 109 124
15 27 42 61 78 92 112 121
16 28 41 62 77 91 111 122
1 1 1 1 1 1 1 1
1 1 1 1 1 1 1 1
1 1 1 1 1 1 1 1
1 1 1 1 1 1 1 1
1 1 1 1 1 1 1 1
1 1 1 1 1 1 1 1
1 1 1 1 1 1 1 1
1 1 1 1 1 1 1 1
1 1 1 1 1 1 1 1
1 1 1 1 1 1 1 1
1 1 1 1 1 1 1 1
1 1 1 1 1 1 1 1
1 1 1 1 1 1 1 1
1 1 1 1 1 1 1 1
1 1 1 1 1 1 1 1
1 1 1 1 1 1 1 1
1 1 1 1 1 1 1 1
1 1 1 1 1 1 1 1
1 1 1 1 1 1 1 1
1 1 1 1 1 1 1 1
1 1 1 1 1 1 1 1
1 1 1 1 1 1 1 1
1 1 1 1 1 1 1 1
1 1 1 1 1 1 1 1
1 1 1 1 1 1 1 1
1 1 1 1 1 1 1 1
1 1 1 1 1 1 1 1
1 1 1 1 1 1 1 1
1 1 1 1 1 1 1 1
1 1 1 1 1 1 1 1
1 1 1 1 1 1 1 1
1 1 1 1 1 1 1 1
1 1 1 1 1 1 1 1
1 1 1 1 1 1 1 1
1 1 1 1 1 1 1 1
1 1 1 1 1 1 1 1
1 1 1 1 1 1 1 1
1 1 1 1 1 1 1 1
1 1 1 1 1 1 1 1
1 1 1 1 1 1 1 1
1 1 1 1 1 1 1 1
1 1 1 1 1 1 1 1
1 1 1 1 1 1 1 1
1 1 1 1 1 1 1 1
1 1 1 1 1 1 1 1
1 1 1 1 1 1 1 1
1 1 1 1 1 1 1 1
1 1 1 1 1 1 1 1
1 1 1 1 1 1 1 1
1 1 1 1 1 1 1 1
1 1 1 1 1 1 1 1
1 1 1 1 1 1 1 1
1 1 1 1 1 1 1 1
1 1 1 1 1 1 1 1
1 1 1 1 1 1 1 1
1 1 1 1 1 1 1 1
1 1 1 1 1 1 1 1
1 1 1 1 1 1 1 1
1 1 1 1 1 1 1 1
1 1 1 1 1 1 1 1
1 1 1 1 1 1 1 1
1 1 1 1 1 1 1 1
1 1 1 1 1 1 1 1
1 1 1 1 1 1 1 1
2 2 2 2 2 2 2 2
2 2 2 2 2 2 2 2
2 2 2 2 2 2 2 2
2 2 2 2 2 2 2 2
2 2 2 2 2 2 2 2
2 2 2 2 2 2 2 2
2 2 2 2 2 2 2 2
2 2 2 2 2 2 2 2
2 2 2 2 2 2 2 2
2 2 2 2 2 2 2 2
2 2 2 2 2 2 2 2
2 2 2 2 2 2 2 2
2 2 2 2 2 2 2 2
2 2 2 2 2 2 2 2
2 2 2 2 2 2 2 2
2 2 2 2 2 2 2 2
2 2 2 2 2 2 2 2
2 2 2 2 2 2 2 2
2 2 2 2 2 2 2 2
2 2 2 2 2 2 2 2
2 2 2 2 2 2 2 2
2 2 2 2 2 2 2 2
2 2 2 2 2 2 2 2
2 2 2 2 2 2 2 2
2 2 2 2 2 2 2 2
2 2 2 2 2 2 2 2
2 2 2 2 2 2 2 2
2 2 2 2 2 2 2 2
2 2 2 2 2 2 2 2
2 2 2 2 2 2 2 2
2 2 2 2 2 2 2 2
2 2 2 2 2 2 2 2
2 2 2 2 2 2 2 2
2 2 2 2 2 2 2 2
2 2 2 2 2 2 2 2
2 2 2 2 2 2 2 2
2 2 2 2 2 2 2 2
2 2 2 2 2 2 2 2
2 2 2 2 2 2 2 2
2 2 2 2 2 2 2 2
2 2 2 2 2 2 2 2
2 2 2 2 2 2 2 2
2 2 2 2 2 2 2 2
2 2 2 2 2 2 2 2
2 2 2 2 2 2 2 2
2 2 2 2 2 2 2 2
2 2 2 2 2 2 2 2
2 2 2 2 2 2 2 2
2 2 2 2 2 2 2 2
2 2 2 2 2 2 2 2
2 2 2 2 2 2 2 2
2 2 2 2 2 2 2 2
2 2 2 2 2 2 2 2
2 2 2 2 2 2 2 2
2 2 2 2 2 2 2 2
2 2 2 2 2 2 2 2
2 2 2 2 2 2 2 2
2 2 2 2 2 2 2 2
2 2 2 2 2 2 2 2
2 2 2 2 2 2 2 2
2 2 2 2 2 2 2 2
2 2 2 2 2 2 2 2
2 2 2 2 2 2 2 2
2 2 2 2 2 2 2 2
1 1 1 1 2 2 2 2
1 1 1 1 2 2 2 2
1 1 1 1 2 2 2 2
1 1 1 1 2 2 2 2
1 1 1 1 2 2 2 2
1 1 1 1 2 2 2 2
1 1 1 1 2 2 2 2
1 1 1 1 2 2 2 2
1 1 1 1 2 2 2 2
1 1 1 1 2 2 2 2
1 1 1 1 2 2 2 2
1 1 1 1 2 2 2 2
1 1 1 1 2 2 2 2
1 1 1 1 2 2 2 2
1 1 1 1 2 2 2 2
1 1 1 1 2 2 2 2
1 1 1 1 2 2 2 2
1 1 1 1 2 2 2 2
1 1 1 1 2 2 2 2
1 1 1 1 2 2 2 2
1 1 1 1 2 2 2 2
1 1 1 1 2 2 2 2
1 1 1 1 2 2 2 2
1 1 1 1 2 2 2 2
1 1 1 1 2 2 2 2
1 1 1 1 2 2 2 2
1 1 1 1 2 2 2 2
1 1 1 1 2 2 2 2
1 1 1 1 2 2 2 2
1 1 1 1 2 2 2 2
1 1 1 1 2 2 2 2
1 1 1 1 2 2 2 2
1 1 1 1 2 2 2 2
1 1 1 1 2 2 2 2
1 1 1 1 2 2 2 2
1 1 1 1 2 2 2 2
1 1 1 1 2 2 2 2
1 1 1 1 2 2 2 2
1 1 1 1 2 2 2 2
1 1 1 1 2 2 2 2
1 1 1 1 2 2 2 2
1 1 1 1 2 2 2 2
1 1 1 1 2 2 2 2
1 1 1 1 2 2 2 2
1 1 1 1 2 2 2 2
1 1 1 1 2 2 2 2
1 1 1 1 2 2 2 2
1 1 1 1 2 2 2 2
1 1 1 1 2 2 2 2
1 1 1 1 2 2 2 2
1 1 1 1 2 2 2 2
1 1 1 1 2 2 2 2
1 1 1 1 2 2 2 2
1 1 1 1 2 2 2 2
1 1 1 1 2 2 2 2
1 1 1 1 2 2 2 2
1 1 1 1 2 2 2 2
1 1 1 1 2 2 2 2
1 1 1 1 2 2 2 2
1 1 1 1 2 2 2 2
1 1 1 1 2 2 2 2
1 1 1 1 2 2 2 2
1 1 1 1 2 2 2 2
1 1 1 1 2 2 2 2
1 1 1 1 2 2 2 2
1 1 1 1 2 2 2 2
1 1 1 1 2 2 2 2
1 1 1 1 2 2 2 2
1 1 1 1 2 2 2 2
1 1 1 1 2 2 2 2
1 1 1 1 2 2 2 2
1 1 1 1 2 2 2 2
1 1 1 1 2 2 2 2
1 1 1 1 2 2 2 2
1 1 1 1 2 2 2 2
1 1 1 1 2 2 2 2
1 1 1 1 2 2 2 2
1 1 1 1 2 2 2 2
1 1 1 1 2 2 2 2
1 1 1 1 2 2 2 2
1 1 1 1 2 2 2 2
1 1 1 1 2 2 2 2
1 1 1 1 2 2 2 2
1 1 1 1 2 2 2 2
1 1 1 1 2 2 2 2
1 1 1 1 2 2 2 2
1 1 1 1 2 2 2 2
1 1 1 1 2 2 2 2
1 1 1 1 2 2 2 2
1 1 1 1 2 2 2 2
1 1 1 1 2 2 2 2
1 1 1 1 2 2 2 2
1 1 1 1 2 2 2 2
1 1 1 1 2 2 2 2
1 1 1 1 2 2 2 2
1 1 1 1 2 2 2 2
1 1 1 1 2 2 2 2
1 1 1 1 2 2 2 2
1 1 1 1 2 2 2 2
1 1 1 1 2 2 2 2
1 1 1 1 2 2 2 2
1 1 1 1 2 2 2 2
1 1 1 1 2 2 2 2
1 1 1 1 2 2 2 2
1 1 1 1 2 2 2 2
1 1 1 1 2 2 2 2
1 1 1 1 2 2 2 2
1 1 1 1 2 2 2 2
1 1 1 1 2 2 2 2
1 1 1 1 2 2 2 2
1 1 1 1 2 2 2 2
1 1 1 1 2 2 2 2
1 1 1 1 2 2 2 2
1 1 1 1 2 2 2 2
1 1 1 1 2 2 2 2
1 1 1 1 2 2 2 2
1 1 1 1 2 2 2 2
1 1 1 1 2 2 2 2
1 1 1 1 2 2 2 2
1 1 1 1 2 2 2 2
1 1 1 1 2 2 2 2
1 1 1 1 2 2 2 2
1 1 1 1 2 2 2 2
1 1 1 1 2 2 2 2
1 1 1 1 2 2 2 2
1 1 1 1 2 2 2 2
1 1 1 1 2 2 2 2
1 1 1 1 2 2 2 2
