128 82
27 18
21 25 21 23 23 19 19 21 21 25 21 23 23 19 19 21 21 21 21 27 21 21 21 1 21 21 21 27 21 21 21 1 23 23 23 1 23 1 1 1 23 23 23 1 23 1 1 1 15 1 1 1 1 1 1 1 15 1 1 1 1 1 1 1 15 1 1 1 1 1 1 1 15 1 1 1 1 1 1 1 15 1 1 1 1 1 1 1 15 1 1 1 1 1 1 1 15 1 1 1 1 1 1 1 15 1 1 1 1 1 1 1 1 1 1 1 1 1 1 1 1 1 1 1 1 1 1 1 
16 16 12 12 12 12 12 12 12 12 12 12 16 8 10 14 12 12 12 16 8 10 14 12 16 12 16 8 8 8 16 16 12 16 8 8 8 16 10 16 16 12 16 14 8 10 16 16 12 16 14 8 12 10 16 16 12 12 12 12 10 16 16 12 12 12 14 18 10 14 14 10 12 12 14 18 10 14 14 10 12 12 
1 3 5 6 11 13 15 16 17 25 27 31 40 41 43 55 56 57 58 59 68 0 0 0 0 0 0
1 3 4 5 12 25 27 29 30 31 39 40 41 43 44 54 55 57 58 59 67 70 71 72 73 0 0
1 5 11 13 17 25 26 27 28 31 40 43 44 53 54 59 67 69 70 73 74 0 0 0 0 0 0
1 4 5 6 11 12 13 16 17 25 26 27 40 41 42 43 44 55 56 57 67 68 71 0 0 0 0
1 3 4 6 11 12 13 25 26 27 29 31 39 41 42 43 44 53 55 56 67 68 69 0 0 0 0
1 3 14 25 40 53 54 55 56 57 58 59 67 68 69 70 71 72 74 0 0 0 0 0 0 0 0
1 4 13 28 39 40 41 42 43 44 45 53 67 68 70 71 72 73 74 0 0 0 0 0 0 0 0
1 6 12 13 14 15 17 26 27 30 39 41 42 44 45 54 55 58 67 70 71 0 0 0 0 0 0
2 7 9 10 18 20 22 23 24 32 34 38 47 48 50 62 63 64 65 66 76 0 0 0 0 0 0
2 7 8 9 19 32 34 36 37 38 46 47 48 50 51 61 62 64 65 66 75 78 79 80 81 0 0
2 9 18 20 24 32 33 34 35 38 47 50 51 60 61 66 75 77 78 81 82 0 0 0 0 0 0
2 8 9 10 18 19 20 23 24 32 33 34 47 48 49 50 51 62 63 64 75 76 79 0 0 0 0
2 7 8 10 18 19 20 32 33 34 36 38 46 48 49 50 51 60 62 63 75 76 77 0 0 0 0
2 7 21 32 47 60 61 62 63 64 65 66 75 76 77 78 79 80 82 0 0 0 0 0 0 0 0
2 8 20 35 46 47 48 49 50 51 52 60 75 76 78 79 80 81 82 0 0 0 0 0 0 0 0
2 10 19 20 21 22 24 33 34 37 46 48 49 51 52 61 62 65 75 78 79 0 0 0 0 0 0
1 4 6 11 12 13 16 25 26 27 29 41 42 43 44 53 55 56 57 67 68 0 0 0 0 0 0
1 5 6 11 13 16 17 25 26 27 31 40 41 43 44 55 56 57 58 68 71 0 0 0 0 0 0
1 3 6 13 15 16 17 25 27 28 31 40 41 43 45 55 56 58 59 68 70 0 0 0 0 0 0
1 3 4 5 6 11 13 14 15 16 17 25 27 30 31 39 40 41 43 54 55 56 57 58 59 68 74
1 3 5 11 12 13 15 16 17 25 31 40 41 53 55 56 57 58 59 68 73 0 0 0 0 0 0
1 3 4 12 13 25 26 27 29 30 31 39 40 41 42 43 44 53 56 68 69 0 0 0 0 0 0
1 4 5 12 14 15 16 26 27 28 31 40 43 44 45 53 54 55 59 68 72 0 0 0 0 0 0
1 0 0 0 0 0 0 0 0 0 0 0 0 0 0 0 0 0 0 0 0 0 0 0 0 0 0
2 8 10 18 19 20 23 32 33 34 36 48 49 50 51 60 62 63 64 75 76 0 0 0 0 0 0
2 9 10 18 20 23 24 32 33 34 38 47 48 50 51 62 63 64 65 76 79 0 0 0 0 0 0
2 7 10 20 22 23 24 32 34 35 38 47 48 50 52 62 63 65 66 76 78 0 0 0 0 0 0
2 7 8 9 10 18 20 21 22 23 24 32 34 37 38 46 47 48 50 61 62 63 64 65 66 76 82
2 7 9 18 19 20 22 23 24 32 38 47 48 60 62 63 64 65 66 76 81 0 0 0 0 0 0
2 7 8 19 20 32 33 34 36 37 38 46 47 48 49 50 51 60 63 76 77 0 0 0 0 0 0
2 8 9 19 21 22 23 33 34 35 38 47 50 51 52 60 61 62 66 76 80 0 0 0 0 0 0
2 0 0 0 0 0 0 0 0 0 0 0 0 0 0 0 0 0 0 0 0 0 0 0 0 0 0
3 4 5 11 12 15 16 25 26 28 31 42 43 44 45 56 57 58 59 67 70 71 74 0 0 0 0
3 4 6 14 15 16 17 25 27 29 31 39 41 42 44 53 55 56 58 71 72 73 74 0 0 0 0
3 5 6 11 13 14 16 26 27 30 31 39 40 42 45 53 54 56 59 68 70 71 73 0 0 0 0
3 0 0 0 0 0 0 0 0 0 0 0 0 0 0 0 0 0 0 0 0 0 0 0 0 0 0
4 5 6 12 13 16 17 28 29 30 31 40 41 42 43 54 55 56 57 69 70 73 74 0 0 0 0
4 0 0 0 0 0 0 0 0 0 0 0 0 0 0 0 0 0 0 0 0 0 0 0 0 0 0
5 0 0 0 0 0 0 0 0 0 0 0 0 0 0 0 0 0 0 0 0 0 0 0 0 0 0
6 0 0 0 0 0 0 0 0 0 0 0 0 0 0 0 0 0 0 0 0 0 0 0 0 0 0
7 8 9 18 19 22 23 32 33 35 38 49 50 51 52 63 64 65 66 75 78 79 82 0 0 0 0
7 8 10 21 22 23 24 32 34 36 38 46 48 49 51 60 62 63 65 79 80 81 82 0 0 0 0
7 9 10 18 20 21 23 33 34 37 38 46 47 49 52 60 61 63 66 76 78 79 81 0 0 0 0
7 0 0 0 0 0 0 0 0 0 0 0 0 0 0 0 0 0 0 0 0 0 0 0 0 0 0
8 9 10 19 20 23 24 35 36 37 38 47 48 49 50 61 62 63 64 77 78 81 82 0 0 0 0
8 0 0 0 0 0 0 0 0 0 0 0 0 0 0 0 0 0 0 0 0 0 0 0 0 0 0
9 0 0 0 0 0 0 0 0 0 0 0 0 0 0 0 0 0 0 0 0 0 0 0 0 0 0
10 0 0 0 0 0 0 0 0 0 0 0 0 0 0 0 0 0 0 0 0 0 0 0 0 0 0
11 12 13 14 15 16 17 67 68 69 70 71 72 73 74 0 0 0 0 0 0 0 0 0 0 0 0
11 0 0 0 0 0 0 0 0 0 0 0 0 0 0 0 0 0 0 0 0 0 0 0 0 0 0
12 0 0 0 0 0 0 0 0 0 0 0 0 0 0 0 0 0 0 0 0 0 0 0 0 0 0
13 0 0 0 0 0 0 0 0 0 0 0 0 0 0 0 0 0 0 0 0 0 0 0 0 0 0
14 0 0 0 0 0 0 0 0 0 0 0 0 0 0 0 0 0 0 0 0 0 0 0 0 0 0
15 0 0 0 0 0 0 0 0 0 0 0 0 0 0 0 0 0 0 0 0 0 0 0 0 0 0
16 0 0 0 0 0 0 0 0 0 0 0 0 0 0 0 0 0 0 0 0 0 0 0 0 0 0
17 0 0 0 0 0 0 0 0 0 0 0 0 0 0 0 0 0 0 0 0 0 0 0 0 0 0
18 19 20 21 22 23 24 75 76 77 78 79 80 81 82 0 0 0 0 0 0 0 0 0 0 0 0
18 0 0 0 0 0 0 0 0 0 0 0 0 0 0 0 0 0 0 0 0 0 0 0 0 0 0
19 0 0 0 0 0 0 0 0 0 0 0 0 0 0 0 0 0 0 0 0 0 0 0 0 0 0
20 0 0 0 0 0 0 0 0 0 0 0 0 0 0 0 0 0 0 0 0 0 0 0 0 0 0
21 0 0 0 0 0 0 0 0 0 0 0 0 0 0 0 0 0 0 0 0 0 0 0 0 0 0
22 0 0 0 0 0 0 0 0 0 0 0 0 0 0 0 0 0 0 0 0 0 0 0 0 0 0
23 0 0 0 0 0 0 0 0 0 0 0 0 0 0 0 0 0 0 0 0 0 0 0 0 0 0
24 0 0 0 0 0 0 0 0 0 0 0 0 0 0 0 0 0 0 0 0 0 0 0 0 0 0
25 26 27 28 29 30 31 67 68 69 70 71 72 73 74 0 0 0 0 0 0 0 0 0 0 0 0
25 0 0 0 0 0 0 0 0 0 0 0 0 0 0 0 0 0 0 0 0 0 0 0 0 0 0
26 0 0 0 0 0 0 0 0 0 0 0 0 0 0 0 0 0 0 0 0 0 0 0 0 0 0
27 0 0 0 0 0 0 0 0 0 0 0 0 0 0 0 0 0 0 0 0 0 0 0 0 0 0
28 0 0 0 0 0 0 0 0 0 0 0 0 0 0 0 0 0 0 0 0 0 0 0 0 0 0
29 0 0 0 0 0 0 0 0 0 0 0 0 0 0 0 0 0 0 0 0 0 0 0 0 0 0
30 0 0 0 0 0 0 0 0 0 0 0 0 0 0 0 0 0 0 0 0 0 0 0 0 0 0
31 0 0 0 0 0 0 0 0 0 0 0 0 0 0 0 0 0 0 0 0 0 0 0 0 0 0
32 33 34 35 36 37 38 75 76 77 78 79 80 81 82 0 0 0 0 0 0 0 0 0 0 0 0
32 0 0 0 0 0 0 0 0 0 0 0 0 0 0 0 0 0 0 0 0 0 0 0 0 0 0
33 0 0 0 0 0 0 0 0 0 0 0 0 0 0 0 0 0 0 0 0 0 0 0 0 0 0
34 0 0 0 0 0 0 0 0 0 0 0 0 0 0 0 0 0 0 0 0 0 0 0 0 0 0
35 0 0 0 0 0 0 0 0 0 0 0 0 0 0 0 0 0 0 0 0 0 0 0 0 0 0
36 0 0 0 0 0 0 0 0 0 0 0 0 0 0 0 0 0 0 0 0 0 0 0 0 0 0
37 0 0 0 0 0 0 0 0 0 0 0 0 0 0 0 0 0 0 0 0 0 0 0 0 0 0
38 0 0 0 0 0 0 0 0 0 0 0 0 0 0 0 0 0 0 0 0 0 0 0 0 0 0
39 40 41 42 43 44 45 67 68 69 70 71 72 73 74 0 0 0 0 0 0 0 0 0 0 0 0
39 0 0 0 0 0 0 0 0 0 0 0 0 0 0 0 0 0 0 0 0 0 0 0 0 0 0
40 0 0 0 0 0 0 0 0 0 0 0 0 0 0 0 0 0 0 0 0 0 0 0 0 0 0
41 0 0 0 0 0 0 0 0 0 0 0 0 0 0 0 0 0 0 0 0 0 0 0 0 0 0
42 0 0 0 0 0 0 0 0 0 0 0 0 0 0 0 0 0 0 0 0 0 0 0 0 0 0
43 0 0 0 0 0 0 0 0 0 0 0 0 0 0 0 0 0 0 0 0 0 0 0 0 0 0
44 0 0 0 0 0 0 0 0 0 0 0 0 0 0 0 0 0 0 0 0 0 0 0 0 0 0
45 0 0 0 0 0 0 0 0 0 0 0 0 0 0 0 0 0 0 0 0 0 0 0 0 0 0
46 47 48 49 50 51 52 75 76 77 78 79 80 81 82 0 0 0 0 0 0 0 0 0 0 0 0
46 0 0 0 0 0 0 0 0 0 0 0 0 0 0 0 0 0 0 0 0 0 0 0 0 0 0
47 0 0 0 0 0 0 0 0 0 0 0 0 0 0 0 0 0 0 0 0 0 0 0 0 0 0
48 0 0 0 0 0 0 0 0 0 0 0 0 0 0 0 0 0 0 0 0 0 0 0 0 0 0
49 0 0 0 0 0 0 0 0 0 0 0 0 0 0 0 0 0 0 0 0 0 0 0 0 0 0
50 0 0 0 0 0 0 0 0 0 0 0 0 0 0 0 0 0 0 0 0 0 0 0 0 0 0
51 0 0 0 0 0 0 0 0 0 0 0 0 0 0 0 0 0 0 0 0 0 0 0 0 0 0
52 0 0 0 0 0 0 0 0 0 0 0 0 0 0 0 0 0 0 0 0 0 0 0 0 0 0
53 54 55 56 57 58 59 67 68 69 70 71 72 73 74 0 0 0 0 0 0 0 0 0 0 0 0
53 0 0 0 0 0 0 0 0 0 0 0 0 0 0 0 0 0 0 0 0 0 0 0 0 0 0
54 0 0 0 0 0 0 0 0 0 0 0 0 0 0 0 0 0 0 0 0 0 0 0 0 0 0
55 0 0 0 0 0 0 0 0 0 0 0 0 0 0 0 0 0 0 0 0 0 0 0 0 0 0
56 0 0 0 0 0 0 0 0 0 0 0 0 0 0 0 0 0 0 0 0 0 0 0 0 0 0
57 0 0 0 0 0 0 0 0 0 0 0 0 0 0 0 0 0 0 0 0 0 0 0 0 0 0
58 0 0 0 0 0 0 0 0 0 0 0 0 0 0 0 0 0 0 0 0 0 0 0 0 0 0
59 0 0 0 0 0 0 0 0 0 0 0 0 0 0 0 0 0 0 0 0 0 0 0 0 0 0
60 61 62 63 64 65 66 75 76 77 78 79 80 81 82 0 0 0 0 0 0 0 0 0 0 0 0
60 0 0 0 0 0 0 0 0 0 0 0 0 0 0 0 0 0 0 0 0 0 0 0 0 0 0
61 0 0 0 0 0 0 0 0 0 0 0 0 0 0 0 0 0 0 0 0 0 0 0 0 0 0
62 0 0 0 0 0 0 0 0 0 0 0 0 0 0 0 0 0 0 0 0 0 0 0 0 0 0
63 0 0 0 0 0 0 0 0 0 0 0 0 0 0 0 0 0 0 0 0 0 0 0 0 0 0
64 0 0 0 0 0 0 0 0 0 0 0 0 0 0 0 0 0 0 0 0 0 0 0 0 0 0
65 0 0 0 0 0 0 0 0 0 0 0 0 0 0 0 0 0 0 0 0 0 0 0 0 0 0
66 0 0 0 0 0 0 0 0 0 0 0 0 0 0 0 0 0 0 0 0 0 0 0 0 0 0
67 0 0 0 0 0 0 0 0 0 0 0 0 0 0 0 0 0 0 0 0 0 0 0 0 0 0
68 0 0 0 0 0 0 0 0 0 0 0 0 0 0 0 0 0 0 0 0 0 0 0 0 0 0
69 0 0 0 0 0 0 0 0 0 0 0 0 0 0 0 0 0 0 0 0 0 0 0 0 0 0
70 0 0 0 0 0 0 0 0 0 0 0 0 0 0 0 0 0 0 0 0 0 0 0 0 0 0
71 0 0 0 0 0 0 0 0 0 0 0 0 0 0 0 0 0 0 0 0 0 0 0 0 0 0
72 0 0 0 0 0 0 0 0 0 0 0 0 0 0 0 0 0 0 0 0 0 0 0 0 0 0
73 0 0 0 0 0 0 0 0 0 0 0 0 0 0 0 0 0 0 0 0 0 0 0 0 0 0
74 0 0 0 0 0 0 0 0 0 0 0 0 0 0 0 0 0 0 0 0 0 0 0 0 0 0
75 0 0 0 0 0 0 0 0 0 0 0 0 0 0 0 0 0 0 0 0 0 0 0 0 0 0
76 0 0 0 0 0 0 0 0 0 0 0 0 0 0 0 0 0 0 0 0 0 0 0 0 0 0
77 0 0 0 0 0 0 0 0 0 0 0 0 0 0 0 0 0 0 0 0 0 0 0 0 0 0
78 0 0 0 0 0 0 0 0 0 0 0 0 0 0 0 0 0 0 0 0 0 0 0 0 0 0
79 0 0 0 0 0 0 0 0 0 0 0 0 0 0 0 0 0 0 0 0 0 0 0 0 0 0
80 0 0 0 0 0 0 0 0 0 0 0 0 0 0 0 0 0 0 0 0 0 0 0 0 0 0
81 0 0 0 0 0 0 0 0 0 0 0 0 0 0 0 0 0 0 0 0 0 0 0 0 0 0
82 0 0 0 0 0 0 0 0 0 0 0 0 0 0 0 0 0 0 0 0 0 0 0 0 0 0
1 2 3 4 5 6 7 8 17 18 19 20 21 22 23 24 0 0
9 10 11 12 13 14 15 16 25 26 27 28 29 30 31 32 0 0
1 2 5 6 19 20 21 22 33 34 35 36 0 0 0 0 0 0
2 4 5 7 17 20 22 23 33 34 37 38 0 0 0 0 0 0
1 2 3 4 18 20 21 23 33 35 37 39 0 0 0 0 0 0
1 4 5 8 17 18 19 20 34 35 37 40 0 0 0 0 0 0
9 10 13 14 27 28 29 30 41 42 43 44 0 0 0 0 0 0
10 12 13 15 25 28 30 31 41 42 45 46 0 0 0 0 0 0
9 10 11 12 26 28 29 31 41 43 45 47 0 0 0 0 0 0
9 12 13 16 25 26 27 28 42 43 45 48 0 0 0 0 0 0
1 3 4 5 17 18 20 21 33 35 49 50 0 0 0 0 0 0
2 4 5 8 17 21 22 23 33 37 49 51 0 0 0 0 0 0
1 3 4 5 7 8 17 18 19 20 21 22 35 37 49 52 0 0
6 8 20 23 34 35 49 53 0 0 0 0 0 0 0 0 0 0
1 8 19 20 21 23 33 34 49 54 0 0 0 0 0 0 0 0
1 4 17 18 19 20 21 23 33 34 35 37 49 55 0 0 0 0
1 3 4 8 18 19 20 21 34 37 49 56 0 0 0 0 0 0
9 11 12 13 25 26 28 29 41 43 57 58 0 0 0 0 0 0
10 12 13 16 25 29 30 31 41 45 57 59 0 0 0 0 0 0
9 11 12 13 15 16 25 26 27 28 29 30 43 45 57 60 0 0
14 16 28 31 42 43 57 61 0 0 0 0 0 0 0 0 0 0
9 16 27 28 29 31 41 42 57 62 0 0 0 0 0 0 0 0
9 12 25 26 27 28 29 31 41 42 43 45 57 63 0 0 0 0
9 11 12 16 26 27 28 29 42 45 57 64 0 0 0 0 0 0
1 2 3 4 5 6 17 18 19 20 21 22 33 34 65 66 0 0
3 4 5 8 17 18 22 23 33 35 65 67 0 0 0 0 0 0
1 2 3 4 5 8 17 18 19 20 22 23 34 35 65 68 0 0
3 7 19 23 33 37 65 69 0 0 0 0 0 0 0 0 0 0
2 5 17 22 34 37 65 70 0 0 0 0 0 0 0 0 0 0
2 8 20 22 35 37 65 71 0 0 0 0 0 0 0 0 0 0
1 2 3 5 18 19 20 21 22 23 33 34 35 37 65 72 0 0
9 10 11 12 13 14 25 26 27 28 29 30 41 42 73 74 0 0
11 12 13 16 25 26 30 31 41 43 73 75 0 0 0 0 0 0
9 10 11 12 13 16 25 26 27 28 30 31 42 43 73 76 0 0
11 15 27 31 41 45 73 77 0 0 0 0 0 0 0 0 0 0
10 13 25 30 42 45 73 78 0 0 0 0 0 0 0 0 0 0
10 16 28 30 43 45 73 79 0 0 0 0 0 0 0 0 0 0
9 10 11 13 26 27 28 29 30 31 41 42 43 45 73 80 0 0
2 5 7 8 20 22 34 35 81 82 0 0 0 0 0 0 0 0
1 2 3 4 6 7 18 19 20 21 22 23 35 37 81 83 0 0
1 2 4 5 7 8 17 18 19 20 21 22 34 37 81 84 0 0
4 5 7 8 17 22 33 34 35 37 81 85 0 0 0 0 0 0
1 2 3 4 5 7 17 18 19 20 22 23 33 37 81 86 0 0
2 3 4 5 7 8 17 18 22 23 33 34 81 87 0 0 0 0
7 8 19 23 33 35 81 88 0 0 0 0 0 0 0 0 0 0
10 13 15 16 28 30 42 43 89 90 0 0 0 0 0 0 0 0
9 10 11 12 14 15 26 27 28 29 30 31 43 45 89 91 0 0
9 10 12 13 15 16 25 26 27 28 29 30 42 45 89 92 0 0
12 13 15 16 25 30 41 42 43 45 89 93 0 0 0 0 0 0
9 10 11 12 13 15 25 26 27 28 30 31 41 45 89 94 0 0
10 11 12 13 15 16 25 26 30 31 41 42 89 95 0 0 0 0
15 16 27 31 41 43 89 96 0 0 0 0 0 0 0 0 0 0
3 5 6 7 17 21 22 23 34 35 97 98 0 0 0 0 0 0
2 3 6 8 20 23 35 37 97 99 0 0 0 0 0 0 0 0
1 2 4 5 6 8 17 18 19 20 21 23 34 37 97 100 0 0
1 4 5 6 17 18 19 20 21 22 33 34 35 37 97 101 0 0
1 2 4 6 17 18 20 21 33 37 97 102 0 0 0 0 0 0
1 2 6 8 18 19 20 21 33 34 97 103 0 0 0 0 0 0
1 2 3 6 19 20 21 23 33 35 97 104 0 0 0 0 0 0
11 13 14 15 25 29 30 31 42 43 105 106 0 0 0 0 0 0
10 11 14 16 28 31 43 45 105 107 0 0 0 0 0 0 0 0
9 10 12 13 14 16 25 26 27 28 29 31 42 45 105 108 0 0
9 12 13 14 25 26 27 28 29 30 41 42 43 45 105 109 0 0
9 10 12 14 25 26 28 29 41 45 105 110 0 0 0 0 0 0
9 10 14 16 26 27 28 29 41 42 105 111 0 0 0 0 0 0
9 10 11 14 27 28 29 31 41 43 105 112 0 0 0 0 0 0
2 3 4 5 6 7 8 17 33 49 65 81 97 113 0 0 0 0
1 4 5 6 7 17 18 19 20 21 22 23 35 49 65 81 97 114
3 5 6 22 37 49 65 81 97 115 0 0 0 0 0 0 0 0
2 3 6 7 8 19 33 35 37 49 65 81 97 116 0 0 0 0
2 4 6 7 8 18 33 34 35 49 65 81 97 117 0 0 0 0
2 6 7 23 34 49 65 81 97 118 0 0 0 0 0 0 0 0
2 3 7 21 34 35 37 49 65 81 97 119 0 0 0 0 0 0
3 6 7 20 33 34 37 49 65 81 97 120 0 0 0 0 0 0
10 11 12 13 14 15 16 25 41 57 73 89 105 121 0 0 0 0
9 12 13 14 15 25 26 27 28 29 30 31 43 57 73 89 105 122
11 13 14 30 45 57 73 89 105 123 0 0 0 0 0 0 0 0
10 11 14 15 16 27 41 43 45 57 73 89 105 124 0 0 0 0
10 12 14 15 16 26 41 42 43 57 73 89 105 125 0 0 0 0
10 14 15 31 42 57 73 89 105 126 0 0 0 0 0 0 0 0
10 11 15 29 42 43 45 57 73 89 105 127 0 0 0 0 0 0
11 14 15 28 41 42 45 57 73 89 105 128 0 0 0 0 0 0
